# Created by Octave 8.2.0, Sun Mar 31 13:37:01 2024 EEST <adrianariton@Adrian-Minune.local>
# name: stoch
# type: sparse matrix
# nnz: 1135
# rows: 1006
# columns: 487
24 1 1
50 1 1
93 1 2
164 1 1
216 1 2
494 1 1
571 1 1
578 1 1
585 1 1
622 1 2
652 1 1
661 1 2
686 1 2
687 1 1
8 2 1
18 2 1
19 2 1
27 2 1
33 2 1
42 2 1
43 2 1
44 2 1
47 2 1
57 2 1
66 2 1
69 2 1
74 2 1
79 2 1
83 2 1
96 2 1
99 2 1
102 2 1
107 2 1
109 2 1
160 2 1
166 2 1
167 2 1
169 2 1
171 2 1
175 2 1
179 2 1
241 2 1
273 2 1
285 2 1
294 2 1
302 2 1
303 2 1
310 2 1
314 2 1
372 2 1
373 2 1
376 2 2
377 2 1
390 2 1
400 2 1
409 2 1
479 2 1
483 2 1
484 2 1
486 2 1
512 2 1
533 2 1
537 2 2
543 2 1
546 2 1
552 2 1
558 2 1
567 2 1
593 2 1
595 2 1
597 2 1
604 2 1
625 2 2
636 2 1
640 2 1
644 2 1
646 2 1
649 2 1
659 2 1
666 2 1
679 2 1
684 2 1
688 2 1
702 2 1
707 2 2
726 2 5
731 2 1
746 2 1
764 2 1
767 2 1
814 2 1
829 2 1
836 2 2
864 2 1
866 2 1
873 2 1
887 2 1
888 2 1
895 2 1
935 2 1
944 2 1
952 2 1
955 2 1
969 2 1
222 3 5
316 3 1
376 3 1
384 3 1
397 3 1
455 3 1
461 3 1
632 3 1
652 3 5
727 3 1
818 3 1
850 3 1
924 3 1
1004 3 1
164 4 1
293 4 1
348 4 1
355 4 1
376 4 2
411 4 1
445 4 1
487 4 1
587 4 1
631 4 1
656 4 1
671 4 1
717 4 1
786 4 1
848 4 1
850 4 1
856 4 1
978 4 1
24 5 1
530 5 1
609 6 1
847 7 1
136 8 1
200 8 1
406 8 1
412 8 1
428 8 1
453 8 1
713 8 1
919 8 1
811 9 1
609 10 1
200 11 1
376 12 1
200 13 1
334 13 1
498 13 1
528 13 1
642 13 1
695 13 1
396 14 1
760 14 1
306 15 1
632 16 1
406 17 1
841 18 1
609 19 1
320 20 1
971 21 1
443 22 1
783 23 1
452 24 1
523 25 1
917 26 1
933 27 1
351 28 1
585 28 1
914 29 1
76 30 1
381 31 1
326 32 1
70 33 1
369 33 1
131 34 1
663 35 1
319 36 1
522 37 1
12 38 2
29 38 1
30 38 1
40 38 1
46 38 1
58 38 3
80 38 1
89 38 1
90 38 1
98 38 1
113 38 1
115 38 1
210 38 1
233 38 1
260 38 1
297 38 1
435 38 1
446 38 1
458 38 1
508 38 1
584 38 1
592 38 1
756 38 1
903 38 1
922 38 1
946 38 1
953 38 1
1002 38 1
1003 38 1
457 39 1
164 40 1
118 41 1
748 42 1
782 42 1
312 43 3
602 43 1
855 43 1
898 43 1
990 43 2
565 44 1
631 44 1
53 45 1
671 46 1
186 47 1
200 48 1
632 49 1
346 50 1
531 50 1
633 50 1
836 50 5
474 51 1
308 52 1
675 52 1
998 53 1
694 54 1
358 55 1
419 56 1
455 56 1
546 56 1
563 56 1
376 58 1
608 59 1
819 60 1
959 61 1
364 62 2
376 63 2
835 64 2
609 65 1
200 66 2
188 67 1
186 68 1
187 68 1
403 68 1
527 68 1
748 68 1
123 69 1
129 69 2
220 69 5
272 69 1
290 69 1
741 70 1
237 71 1
850 72 1
695 73 1
581 74 1
334 75 1
376 76 1
360 77 1
200 78 1
760 79 1
333 80 1
934 81 1
403 82 1
201 83 1
356 83 1
9 84 1
404 85 1
781 85 1
333 86 1
406 86 1
609 86 1
641 86 1
189 87 1
200 87 1
379 87 1
406 87 1
703 88 1
994 88 1
708 89 1
358 90 1
500 90 1
809 91 1
671 92 1
396 93 1
465 94 1
404 95 1
452 96 1
112 97 1
163 97 1
178 97 1
190 97 1
208 97 1
212 97 1
215 97 1
329 97 1
704 97 1
739 97 1
745 97 1
883 97 1
886 97 1
940 97 1
981 97 1
54 98 1
213 98 2
735 98 1
738 98 1
822 98 1
842 98 1
956 99 1
28 100 1
374 101 1
706 102 1
65 103 1
138 104 1
433 104 1
791 104 1
925 104 1
35 105 1
701 105 1
489 106 1
77 107 1
110 107 1
135 107 1
145 107 1
150 107 1
197 107 1
209 107 1
214 107 1
226 107 1
265 107 1
268 107 1
269 107 1
270 107 1
291 107 1
328 107 1
341 107 1
477 107 1
508 107 1
540 107 1
549 107 1
557 107 1
635 107 1
681 107 1
730 107 1
852 107 1
860 107 1
868 107 1
872 107 1
927 107 1
968 107 1
370 108 1
970 108 3
250 109 1
720 110 1
725 111 1
347 112 1
592 112 1
803 112 1
990 112 1
877 113 1
56 114 1
64 114 2
95 114 1
426 114 2
547 114 1
624 114 1
149 115 1
421 115 1
548 116 1
454 117 1
625 117 1
907 117 1
238 118 1
127 119 1
793 120 1
497 121 2
586 121 1
639 121 1
915 121 1
224 122 1
420 122 1
577 123 1
154 124 1
21 125 1
45 126 2
245 126 1
300 126 1
476 126 1
698 126 1
894 126 1
900 126 1
984 126 1
185 127 1
535 128 1
997 129 1
148 130 1
576 131 1
601 131 1
677 131 1
774 132 1
536 133 1
153 134 1
867 135 1
770 136 1
827 136 1
434 137 1
987 138 1
35 139 1
711 139 1
858 139 1
859 139 1
862 139 1
936 139 1
490 140 1
277 141 1
375 141 1
568 141 1
794 141 1
896 141 1
436 142 1
480 142 1
804 142 1
147 143 1
287 144 1
275 145 2
276 145 3
322 145 5
539 145 1
183 146 1
620 147 1
670 148 1
807 149 1
251 150 1
21 151 1
196 152 1
710 153 1
417 154 1
964 155 1
206 156 1
614 157 1
538 158 1
861 159 1
305 160 1
658 161 1
282 162 1
676 163 1
345 164 2
991 165 1
254 166 1
916 167 1
988 168 1
117 169 1
172 170 1
276 171 1
363 171 1
517 171 2
621 171 8
672 171 1
975 171 1
389 172 1
140 173 1
824 173 1
41 174 1
266 175 1
418 176 1
101 177 1
722 177 1
504 178 1
246 179 1
289 180 1
742 181 1
395 182 1
172 183 1
947 184 2
564 185 1
767 185 1
647 186 1
513 187 1
890 188 2
899 189 2
648 190 1
120 191 1
972 191 1
129 192 1
122 193 1
144 194 1
283 194 1
627 194 1
599 195 1
91 196 1
139 197 1
295 198 1
989 199 1
651 200 1
817 201 1
345 202 1
468 203 1
252 204 1
589 205 1
49 206 1
826 207 1
675 208 2
869 208 1
937 208 1
156 209 1
469 209 1
511 210 1
449 211 1
879 212 1
441 213 1
227 214 1
199 215 1
773 215 1
637 216 1
923 217 1
948 218 1
810 219 1
255 220 1
902 220 1
617 221 1
55 222 1
225 222 1
298 222 1
628 222 1
800 222 1
906 222 1
908 222 1
736 223 1
481 224 1
867 225 1
304 226 1
765 226 1
930 227 1
995 228 1
853 229 1
853 230 1
132 231 1
628 232 1
837 232 1
20 233 1
256 233 1
424 234 1
942 235 1
311 236 1
905 236 1
911 236 1
366 237 1
211 238 1
518 238 1
618 238 1
440 239 1
444 239 1
655 239 1
679 239 1
689 239 1
856 239 1
889 239 1
983 240 1
467 241 1
279 242 1
806 242 1
194 243 1
665 243 1
692 243 1
957 244 1
5 245 1
192 245 1
507 245 1
921 245 1
802 246 1
562 247 1
101 248 1
318 248 1
342 248 1
362 248 1
398 248 1
442 248 1
801 248 1
207 249 1
645 250 1
37 251 1
772 251 1
789 251 2
21 252 2
464 252 1
387 253 1
521 253 1
551 253 1
732 253 1
882 253 1
999 253 1
85 254 1
88 254 1
623 254 1
654 254 1
724 254 1
875 254 1
61 255 2
182 255 1
249 255 1
393 255 1
550 255 1
583 255 1
808 255 1
849 255 1
961 255 1
78 256 1
110 256 1
170 256 1
844 256 1
31 257 1
422 257 1
941 257 1
657 258 2
709 259 1
985 260 1
582 261 1
123 262 1
832 262 1
986 262 1
893 263 1
410 264 1
629 265 1
203 266 1
503 267 1
152 268 1
669 269 1
744 270 1
228 271 1
388 272 1
974 272 1
630 273 1
553 274 1
575 274 1
828 275 1
184 276 1
59 277 1
699 278 1
880 279 1
605 280 1
963 281 1
662 282 1
462 283 1
463 283 1
813 284 1
566 285 1
271 286 1
301 286 2
25 287 1
81 287 1
198 288 1
766 289 1
105 290 1
116 290 1
386 290 1
495 290 1
594 290 1
596 290 1
749 290 1
780 290 1
976 290 1
313 291 1
155 292 1
475 293 1
244 294 1
936 295 1
81 296 1
651 297 1
790 298 1
174 299 1
248 299 1
299 299 6
206 300 1
979 300 1
414 301 1
286 302 1
21 303 1
611 303 1
3 304 1
34 304 1
37 304 1
81 304 1
92 304 1
101 304 1
332 304 1
336 304 1
343 304 1
354 304 1
359 304 1
362 304 1
425 304 2
431 304 1
471 304 1
472 304 1
556 304 2
700 304 1
714 304 1
768 304 1
812 304 2
159 305 1
309 306 2
259 307 1
838 307 3
909 307 1
48 308 1
177 308 1
650 309 1
721 310 1
897 310 1
221 311 1
439 311 1
281 312 1
327 312 1
205 313 1
3 314 1
39 314 1
280 314 1
315 314 1
413 314 1
514 314 1
795 314 1
258 315 1
498 316 1
502 316 1
35 317 1
542 317 1
881 317 1
892 317 2
977 317 1
231 318 1
447 318 1
854 319 1
14 320 1
67 320 2
261 320 1
274 320 1
350 320 1
385 320 1
532 320 1
674 320 2
691 320 1
697 320 1
729 320 1
785 320 1
788 320 1
839 320 1
846 320 1
863 320 1
910 320 1
928 320 1
982 320 1
466 321 1
219 322 1
35 323 1
962 323 1
460 324 1
519 324 1
570 324 1
634 324 1
759 324 1
929 324 1
520 325 1
534 325 1
667 325 1
680 325 1
60 326 1
123 326 1
544 326 1
511 327 1
38 328 1
158 328 1
407 328 1
525 328 2
606 328 1
664 328 1
740 328 1
833 329 1
330 330 1
775 330 1
499 331 1
560 332 1
561 332 1
853 332 1
206 333 1
753 334 1
823 335 1
559 336 1
394 337 1
675 338 1
399 339 1
643 340 1
967 341 1
229 342 1
429 343 2
660 344 1
51 345 1
589 346 1
926 347 1
715 348 2
678 349 1
713 349 1
1001 349 1
134 350 1
146 350 1
321 351 1
600 352 1
401 353 1
176 354 1
357 355 1
874 356 1
73 357 1
337 358 1
755 358 1
21 359 1
141 359 1
218 359 2
230 359 1
236 359 1
840 359 1
378 360 1
670 361 1
35 362 1
247 362 1
