# Created by Octave 6.4.0, Mon Apr 08 14:09:50 2024 EEST <gasan@Gasan>
# name: mean_values
# type: matrix
# rows: 1
# columns: 2
 14.125450599110529 15.017212087397303


# name: variances
# type: matrix
# rows: 2
# columns: 2
 1.8953301304909624 -0.28499855992450451
 -0.28499855992450451 1.7490689976055065


# name: probabilities
# type: matrix
# rows: 287
# columns: 1
 0.076716831985758127
 0.086449492931061273
 0.033722282944240754
 0.085864780815775213
 0.036983657595165885
 0.020784920170613914
 0.079561105169985685
 0.074011724123927147
 0.080845436001193524
 0.074688061757288746
 0.052261284287820876
 0.086055677501592848
 0.059184520896232225
 0.058806680317501407
 0.017330848170552051
 0.042060234329513356
 0.030330027891106951
 0.080121089148026084
 0.072917095318665914
 0.083810472437253453
 0.06487655975349825
 0.062846082511171131
 0.082178294458766926
 0.084663287159312844
 0.066740163331246466
 0.060302844972028306
 0.034979151048277458
 0.069889223909296055
 0.074544169944617406
 0.031651059977342272
 0.071980213882048227
 0.071737906749888461
 0.082967722650473183
 0.088305942266296039
 0.073755891867197387
 0.082781025575713346
 0.085763118744250952
 0.088058307500576527
 0.076692809289040154
 0.060312383118145532
 0.070335151731326984
 0.088097567988081979
 0.018585023337360194
 0.036242606954033918
 0.032512260860941729
 0.071353037218669188
 0.030438408606568521
 0.079102806922587768
 0.019890390179594326
 0.0066615182420264882
 0.080574295788155198
 0.014724154437708539
 0.076892514495335421
 0.047487180059606705
 0.081094076161562903
 0.085852892953720686
 0.066932236313105187
 0.087830881130564864
 0.028180198191995059
 0.074023305591386868
 0.085552120230349346
 0.053357481644650713
 0.083795292738834251
 0.049495642102926986
 0.044901520554881655
 0.079462799177705934
 0.073470436756704324
 0.07177980804769428
 0.085675921949489364
 0.077866673263943739
 0.065990270113103391
 0.07315119041298912
 0.086839373740961179
 0.035700499775569751
 0.082367267965456972
 0.031483711649878156
 0.026620679557172851
 0.066689614445605491
 0.040760233168730405
 0.081336324250304362
 0.033934043218476852
 0.057688960066851785
 0.049537261456626416
 0.046224221736174756
 0.049551826865564398
 0.084326658823864822
 0.028589991169687738
 0.070920634205031238
 0.024407464175725053
 0.0096905463652108489
 0.079341966442390319
 0.024703488101717058
 0.062410440881036207
 0.021556299782701949
 0.0085319001547858216
 0.031469517239736136
 0.056882586390260767
 0.048228862053820473
 0.086831584131785336
 0.016738261537618555
 0.059643899732156565
 0.078544334895679704
 0.086433766798531417
 0.082696909589218437
 0.040007659883965978
 0.069148312625292779
 0.045170163797665107
 0.071760612393047901
 0.025751648299462537
 0.087201051332966836
 0.068494522291674145
 0.036112651215616458
 0.071266962840234413
 0.050034681386727883
 0.028370448918884912
 0.085143822567731647
 0.072463969598627234
 0.064191698882641327
 0.070814560293328707
 0.055789700717703117
 0.046913747187909159
 0.088054668333154007
 0.012926464332630987
 0.044359720596025755
 0.082191170130900812
 0.024529473317615978
 0.050326277462600745
 0.0038907485668931993
 0.055009785785185276
 0.087944915620870714
 0.046804779584889468
 0.025462426700411316
 0.05881579276587065
 0.081533685348509424
 0.042304200905485256
 0.060666325137459891
 0.087246300032210344
 0.046796729998743666
 0.060260787482763464
 0.0870675109666455
 0.08178677028999666
 0.034322305687724118
 0.048727138701219162
 0.082021056964027478
 0.067981999328456236
 0.04330884503999876
 0.078433268254627111
 0.084335563467419244
 0.018661454422755779
 0.072855932202915835
 0.0016237922697642003
 0.087281511028151029
 0.038951665258532712
 0.058515713032023589
 0.054014999293525594
 0.072293509606317793
 0.078530518158758292
 0.0879815867071157
 0.048188611689673415
 0.036133604963240827
 0.08505730335876073
 0.076139962940790284
 0.046934098495604974
 0.060788427206830711
 0.082383547914822483
 0.060376751520470402
 0.064303804049717375
 0.054230095614453772
 0.063003016632108721
 0.076304192835057225
 0.041825414475850607
 0.029816273203128459
 0.064692346438911905
 0.064439406922387407
 0.061147964283141426
 0.039717960115063816
 0.073302554511296039
 0.084273727362459055
 0.063656462384415399
 0.007089363157602795
 0.046532218672283701
 0.067424553456306796
 0.076472689110171077
 0.044117368322137224
 0.080624831445581469
 0.06417637055105159
 0.068524898746818039
 0.01812357809556478
 0.08160452662000188
 0.0735467644820198
 0.045782266825103786
 0.064274446949451669
 0.055136183448458304
 0.03972139541074645
 0.082185277692328529
 0.07168548412499752
 0.06673289916656093
 0.06776071706755589
 0.046522899137832092
 0.078262956450271134
 0.078851188150066864
 0.079680131735369197
 0.01808470400357591
 0.025152756767907111
 0.040812642428493105
 0.065117777412328506
 0.017200040630543961
 0.052434258836017864
 0.049251509516944653
 0.078988790362337719
 0.049437603899338815
 0.023850385979590737
 0.085337876699631277
 0.06474548880770338
 0.069045483161289486
 0.075761937502976967
 0.053101399369519367
 0.082422476250299151
 0.048075251642802172
 0.0415090107599164
 0.03780028260586217
 0.0087411377462906035
 0.081193812778105195
 0.066377656321272141
 0.065462588302314176
 0.049842009957452096
 0.069866142741250109
 0.04832035491812503
 0.071126614903241944
 0.0039500950437048139
 0.062895335406229283
 0.029735029209867023
 0.046832096793136886
 0.032203930421077789
 0.064740094386118843
 0.081320912978640303
 0.057120028688704035
 0.086549522221879394
 0.047107063534165765
 0.085659122338728508
 0.046067385827815333
 0.036538940745225061
 0.071977339005263388
 0.066648884106940712
 0.066365990747049991
 0.073292008278188145
 0.068007174149770727
 0.068337833419857719
 0.054877975514000435
 0.070954230196065199
 0.055128514554881859
 0.081317471412736334
 0.085464783121599899
 0.062453776092345314
 0.040029034126324595
 0.027908105186843783
 0.033162721318221053
 0.034538601067567905
 0.052728622292576639
 0.020741518213162131
 0.076073600419317364
 0.030288357614888437
 0.056320995622554944
 0.063468915620977756
 0.073160184685702137
 0.062392702387680486
 0.060770249032654662
 0.069917552125424012
 0.058499208947808003
 0.088167079920660668
 0.079077211616600349
 0.088402590163510847
 0.084216926772172643
 0.065615769448932201
 0.072865316868264932
 0.072693837716891294
 0.085859870069615513
 0.077461310178585707
 0.07111053437539698
 0.0088489968041065604
 3.1684244593609969e-06
 1.7107339023762862e-20
 0.035715660545873516
 5.1495434949561681e-07
 2.0605136330681744e-12
 2.2567421534733429e-05
 7.7844906758480549e-20


# name: epsilon
# type: scalar
8.840259016351086e-05


# name: F1
# type: scalar
0.8571428571428571


# name: outliers
# type: lazy_index
# name: index_value
# type: matrix
# rows: 6
# columns: 1
 281
 282
 284
 285
 286
 287




