# Created by Octave 6.4.0, Mon Apr 08 14:09:50 2024 EEST <gasan@Gasan>
# name: mean_values
# type: matrix
# rows: 1
# columns: 2
 14.078872833652285 14.978660231188249


# name: variances
# type: matrix
# rows: 2
# columns: 2
 2.3357602628343574 -0.52991838437194783
 -0.52991838437194783 2.1506871217359711


# name: probabilities
# type: matrix
# rows: 207
# columns: 1
 0.033856392883778473
 0.052098107295345794
 0.041387902801579224
 0.03899682909882253
 0.042046507021957294
 0.070598641895902939
 0.024915877904422467
 0.061648686878289588
 0.021639843008915791
 0.012415463414833931
 0.067549979828800968
 0.021748779733041949
 0.056241758482961569
 0.021241507228520227
 0.0094808623426300715
 0.031749021078521157
 0.047209038614592913
 0.045818462048795028
 0.072318891893435558
 0.015186680538771253
 0.052474976424993817
 0.065320781722013915
 0.071222129657594738
 0.069851025130245104
 0.039599482192061879
 0.060806064751071226
 0.041990556281574394
 0.061535030468062288
 0.023109347080123285
 0.071520801999544845
 0.060024689944149813
 0.033276201422195492
 0.061918889166122169
 0.045873820344849631
 0.028105562546683165
 0.069896129630553694
 0.062325932297116811
 0.05666987934492005
 0.061524271145469739
 0.050405476497770212
 0.040149567001068441
 0.072399692638435736
 0.012021883742648915
 0.041703228560032904
 0.067819464569035232
 0.027354196740901279
 0.046138114774881618
 0.0054756399923013037
 0.050071608407205474
 0.072940900182154308
 0.044794785639935129
 0.022320267584407666
 0.052667038492671174
 0.069023846666509903
 0.039898798141744525
 0.055108559369192102
 0.07170073377670079
 0.043516928093489102
 0.054232541118867723
 0.071716383512347964
 0.06921897459149759
 0.035560579737418913
 0.044299875073689106
 0.067155175419062837
 0.05595729718426648
 0.038471486365848517
 0.066974398358138065
 0.070817649173108232
 0.01677057680025755
 0.061284743220178579
 0.0023776294574984059
 0.072603241802338028
 0.03856619182359567
 0.048668340412779482
 0.049416647138914103
 0.062395846832597149
 0.066850208066716585
 0.072281855349273366
 0.04050566241594581
 0.03249387789010761
 0.070797977713596111
 0.065444487662213432
 0.045455604969502232
 0.054970836700313913
 0.069141249334263646
 0.052035725408153814
 0.053525005539905503
 0.050222812503010493
 0.055807707682460385
 0.06559786411498511
 0.039814611891315348
 0.025937326123598854
 0.057045526177891576
 0.057358149630010111
 0.055317939066096736
 0.037809103695374255
 0.06200677565540863
 0.070638860940660617
 0.056722781716211861
 0.0089826623940019428
 0.045226488557452781
 0.059243651237637425
 0.065642244531305682
 0.037239799478456868
 0.068493586960119729
 0.056658792165907301
 0.059112343124200953
 0.019087987531863936
 0.068716904704127196
 0.061657874374726529
 0.039176387808473025
 0.05305872751626288
 0.05049472154538559
 0.039269765925881564
 0.067643792958947874
 0.060852975852344053
 0.059097557056215069
 0.059360725834137623
 0.042229745199434496
 0.067010087298746204
 0.067249845462714786
 0.066878929704206488
 0.01773128373957783
 0.025803995992515746
 0.034823425455825278
 0.054517994522805147
 0.019037000430750524
 0.048083700347129235
 0.044868566687970977
 0.064572335229043779
 0.046655342235469612
 0.020977885234417404
 0.069839191788543739
 0.054936590477579143
 0.05754501633178237
 0.063932249021529386
 0.044963120717095975
 0.069619394685468239
 0.04082353667111939
 0.041206676313490204
 0.034660746788070088
 0.010242949665304023
 0.068814184838146303
 0.059180685823662552
 0.057779175109884812
 0.045758805054839743
 0.057504392843231611
 0.045420473280797478
 0.062353645485620668
 0.0050060561944054605
 0.052602011545560622
 0.026596950861635514
 0.043778095078941912
 0.031603621330402731
 0.057543382304846971
 0.068945354139583859
 0.052013156539712058
 0.071106844216202031
 0.04353757107916148
 0.071679043862240333
 0.038877251027527773
 0.035029255981691161
 0.062465435453897537
 0.056900747023551135
 0.058961493592695056
 0.063465520691031937
 0.060076351008516313
 0.059844101450138895
 0.046788523551413032
 0.061465702016401259
 0.051178451111755112
 0.068882369853714973
 0.071544986475083075
 0.055843665205898084
 0.033916982278677184
 0.029060804759328481
 0.03222957674003181
 0.031052112873767228
 0.047943507661124742
 0.022335265144956325
 0.06559850195190263
 0.02717949451634874
 0.05149913525986511
 0.052342540908824134
 0.059935174379215556
 0.055336205753220943
 0.054443277717903062
 0.060946510239941083
 0.048673153692138628
 0.072479828569038882
 0.066428091438815728
 0.073047184974112805
 0.069722010501022655
 0.055489802835697065
 0.063250122316523369
 0.063178432441671081
 0.070311020568080237
 0.063345051763687849
 0.059177890782247757
 0.010173776009521358
 1.2634282782392861e-05
 3.4352259977787115e-16
 0.034817817031641274
 7.4153928543255477e-06
 4.3516156343121012e-11
 3.7181421898409338e-05
 1.4036855403615335e-15


# name: epsilon
# type: scalar
7.304718497445598e-05


# name: F1
# type: scalar
0.92307692307692302


# name: outliers
# type: lazy_index
# name: index_value
# type: matrix
# rows: 6
# columns: 1
 201
 202
 204
 205
 206
 207




