# Created by Octave 6.4.0, Mon Apr 08 14:09:50 2024 EEST <gasan@Gasan>
# name: mean_values
# type: matrix
# rows: 1
# columns: 2
 14.109190041518284 14.996205968721616


# name: variances
# type: matrix
# rows: 2
# columns: 2
 1.9697402806372568 -0.33964067149881849
 -0.33964067149881849 1.8342349637383921


# name: probabilities
# type: matrix
# rows: 267
# columns: 1
 0.06402764824899268
 0.061757556726902342
 0.078469171525129208
 0.081049103832737418
 0.063464232095953074
 0.058353793148945225
 0.034310302182672073
 0.066997044599328759
 0.072832266726946274
 0.03002342833183225
 0.070280251190711532
 0.070191652905725058
 0.080437917571458989
 0.084998320844704947
 0.070252160915520417
 0.080294807195439161
 0.082185720699008216
 0.084583755981629996
 0.073191892056666236
 0.057851905233861294
 0.068646389048948236
 0.084571549208704078
 0.019114491202247987
 0.036793286608609845
 0.033241611890673872
 0.069627903012372941
 0.0310873172663069
 0.075433911027768599
 0.018892650726271602
 0.0071301970596615652
 0.078223310313560515
 0.014183222873515876
 0.073475267369424266
 0.046074990946076658
 0.077447212239250524
 0.082889118426363012
 0.06363880926177333
 0.08429794831692361
 0.026950771568681406
 0.071862035373091687
 0.082653015249199102
 0.052925909560104199
 0.08101204431347192
 0.047089113260254667
 0.042794268864775269
 0.076467491847285463
 0.071772012202663132
 0.06896140260149286
 0.082515589171411802
 0.075890805123972269
 0.064718550843243391
 0.07139847496423786
 0.0837928133118956
 0.035853913564238511
 0.07984918553528178
 0.030007201251878102
 0.02529588990716632
 0.065591209546041182
 0.038935755445813507
 0.078893127616745912
 0.034179793836610732
 0.056485001088007476
 0.046998012242631317
 0.043910127234205065
 0.047247234446332102
 0.081337310212856798
 0.027142962939622439
 0.069233077377706287
 0.023279772122879957
 0.010295490672590831
 0.077211479467523589
 0.023498439522118917
 0.061382544549292838
 0.021303765953632047
 0.0086324873335577972
 0.031775126757439952
 0.05404320770658616
 0.047840194138662979
 0.083743955553467364
 0.015950781737612892
 0.058040547089384463
 0.07533794759765107
 0.082998274296986155
 0.080109942991614239
 0.04071905730174321
 0.067869803620429936
 0.044979462081587422
 0.069612840551764629
 0.024608401661176102
 0.08356625667526428
 0.06700815061477669
 0.035241353356442601
 0.069666246741435053
 0.04962068203398521
 0.028656225056886048
 0.081512342982510491
 0.07043578925589658
 0.06307861109203533
 0.069308367058513898
 0.055091626353442939
 0.04486774566066476
 0.084514834345164686
 0.012314931526567484
 0.044463621762536439
 0.078813635950771635
 0.025292615034164478
 0.049888354728158509
 0.0042043614878170786
 0.054344956563390542
 0.084735918906977375
 0.046677155175328992
 0.024164661008772917
 0.057975450799214248
 0.079198722380934575
 0.042409202872375408
 0.059624773864829755
 0.083698519018457193
 0.046743626718252961
 0.059329551694313344
 0.083614656633634363
 0.079165966736211554
 0.034839316551335972
 0.047632199433370992
 0.078344181296669521
 0.064701007181013057
 0.041894456981811955
 0.076412034117490868
 0.081683451512690367
 0.017731323079153823
 0.070011529738069414
 0.0017671601277671903
 0.084171915110388421
 0.039147347358002453
 0.055658680978281944
 0.053260200730923163
 0.070108336493947501
 0.076003907402490009
 0.084404576478675192
 0.045768699759518798
 0.034860665049677476
 0.08186629366686228
 0.074337070414533052
 0.046892489788631982
 0.060265158416748781
 0.079653121403968505
 0.058232908278039307
 0.061351434623007586
 0.053832832266724258
 0.061938859220446785
 0.074477716329387655
 0.042086321909923147
 0.02831497822539486
 0.063545180694215178
 0.063607092091178652
 0.060452467332160212
 0.039678501843056241
 0.070733637337795405
 0.08153719303615381
 0.062523757475226358
 0.0077079402189756943
 0.046511933006100549
 0.066286724564113469
 0.074631565711897024
 0.041871608044464104
 0.07825760284140125
 0.063063718104437144
 0.066328462742211367
 0.018644333156643746
 0.078763686471733069
 0.070609481596369053
 0.04375802306395473
 0.061134911146495025
 0.054895236877843007
 0.040422743253381022
 0.07871896686259916
 0.069079571756920075
 0.065749791764252302
 0.066229046943199255
 0.045408206774782564
 0.076039398298706234
 0.076788425196717053
 0.076725727266597654
 0.017645577317221706
 0.025509774904498791
 0.038854812732142169
 0.062291593983150664
 0.017708972099199076
 0.051893463040328422
 0.048189414164043709
 0.075319327145677531
 0.049155170716429428
 0.022643656345535584
 0.081633136651051152
 0.062253378210537801
 0.066060753033694353
 0.073134226441421243
 0.050692465474735132
 0.079959342593195704
 0.045874258988405386
 0.041722189387577997
 0.036861136655572821
 0.009253794162520099
 0.078829559263709367
 0.065038686709671417
 0.064440045922949815
 0.049425030993639263
 0.066542568149205866
 0.047760029661266884
 0.06943234813549129
 0.0042243582569700591
 0.060083722296245347
 0.028483242993340617
 0.046884736549636437
 0.032625180291377995
 0.063541324282558667
 0.078896461725692993
 0.05637312484951041
 0.082940790530590489
 0.046881031490679105
 0.082842751065669684
 0.043762136259978837
 0.036731321438758367
 0.070316890471192037
 0.064317477583080013
 0.065377545477633039
 0.071569564148067727
 0.066405575147476997
 0.06710621787308528
 0.052609421331180031
 0.068860003740207787
 0.054964024479623001
 0.078964164384003166
 0.082556937600130553
 0.061736015413108997
 0.037962160604100736
 0.028221435514038242
 0.033324042028940008
 0.033386979824479322
 0.05223844467079241
 0.021234028430483828
 0.07400706863242125
 0.029058512381432866
 0.056046599295573589
 0.060326867932839465
 0.069656274537027066
 0.06137291691650576
 0.059801243272859288
 0.068552001108783442
 0.055649966651883959
 0.08461096634664507
 0.076147926158051812
 0.085060736006460191
 0.080962331872776336
 0.062997285343764739
 0.0712359271557753
 0.071121560034210621
 0.082159782197920056
 0.073826499924416561
 0.068028582439029275
 0.0092241720775054319
 4.5954363466695156e-06
 2.312630719980999e-19
 0.03582758480958978
 1.0146195491206313e-06
 3.2533551179750319e-12
 2.2756224359987938e-05
 8.933982808973947e-19


# name: epsilon
# type: scalar
8.5060736006460424e-05


# name: F1
# type: scalar
0.8571428571428571


# name: outliers
# type: lazy_index
# name: index_value
# type: matrix
# rows: 6
# columns: 1
 261
 262
 264
 265
 266
 267




