# Created by Octave 6.4.0, Mon Apr 08 14:09:50 2024 EEST <gasan@Gasan>
# name: mean_values
# type: matrix
# rows: 1
# columns: 2
 14.08778208707832 14.990047419635303


# name: variances
# type: matrix
# rows: 2
# columns: 2
 2.2094894557106173 -0.46152874907777508
 -0.46152874907777508 1.9935268622564364


# name: probabilities
# type: matrix
# rows: 227
# columns: 1
 0.075969576409265396
 0.051828706100987249
 0.074713833635678573
 0.043841485126948812
 0.040151882560564248
 0.070522861408539403
 0.066605555037777611
 0.063728023467734207
 0.075774130426998459
 0.070099214225990025
 0.060818796756519876
 0.066590050973902831
 0.076840682178421965
 0.035715428344632601
 0.073415750981398187
 0.02860524046884207
 0.02409923458124474
 0.061600618994063577
 0.036327232659436971
 0.072939742512890954
 0.034379260821148477
 0.054063649512186306
 0.043446129202993893
 0.040885950078119848
 0.04415248785283539
 0.074896437961016513
 0.025721686733995622
 0.064636948162211161
 0.022031852499254736
 0.011899503977527317
 0.07120771002249339
 0.022213545299449682
 0.058685101070690103
 0.021037859069607534
 0.0089420234298975276
 0.032135607355311256
 0.049698117004752698
 0.046991310780306397
 0.076810049269908989
 0.015290471215238457
 0.054888770084532391
 0.069221951114011832
 0.075774564364692168
 0.073947746786654736
 0.039749888811494702
 0.063486656751430198
 0.043030877490915477
 0.064782911898961348
 0.023779437919293513
 0.076176044897365097
 0.062796379214252157
 0.033864703159786819
 0.064983935618509958
 0.047284815886787755
 0.028205774663536014
 0.07439316888145775
 0.065555060529720974
 0.059102527949075605
 0.064466039679051859
 0.052265648377406292
 0.041747325091505985
 0.07708493491165791
 0.012086993091350978
 0.042420736853352223
 0.07209776004529965
 0.026884952305195338
 0.047593396838812294
 0.0050759118344835177
 0.051940598560151201
 0.07752964550727294
 0.046089101864700374
 0.022936777701699104
 0.054725347498149141
 0.072885185393586946
 0.040544824038489184
 0.057322284400488803
 0.076337080291427883
 0.044450084961739786
 0.056508760419308378
 0.076313476895217447
 0.07326901469859684
 0.035942801192250871
 0.045629246888361001
 0.071452457906260772
 0.059224307434374623
 0.039615400980210949
 0.070510767184176662
 0.074969623262720178
 0.017057200570251542
 0.064684302868693602
 0.0021269802124342847
 0.077125403278171509
 0.039350659413093451
 0.051380523621046392
 0.051162705173246996
 0.065629148653338437
 0.070630422275669402
 0.076972089573297681
 0.042520503818401723
 0.033672769575121234
 0.075185737194979577
 0.068747200137316347
 0.046655010189867924
 0.056810350176299866
 0.073197513779400716
 0.054397193778222871
 0.056621979581800923
 0.051766866810417159
 0.058176789001369189
 0.068913964412047515
 0.040315631009431786
 0.026817500407955865
 0.059524250002958766
 0.059544861028321919
 0.057315937940444185
 0.038622911156325122
 0.065506529015007114
 0.074808400679850631
 0.059255914479212489
 0.0081766206212775111
 0.046352391761130894
 0.061762214621181595
 0.068987387208305773
 0.03898124288138758
 0.072394061983021937
 0.059090869417761246
 0.062051618886497045
 0.018627443531481647
 0.072781275493157535
 0.0651310000831615
 0.040715350259387148
 0.056164006915237888
 0.051892012063468489
 0.039407643208954964
 0.071946525369637901
 0.064110215689115735
 0.061482690054820988
 0.062122989198717761
 0.043433993406259502
 0.070739995209728887
 0.070830577013752852
 0.070809417426921817
 0.017935885914831647
 0.025867557307618038
 0.036147854476127006
 0.057639738427743448
 0.018781345003535638
 0.049768166523596044
 0.046221776571645043
 0.068684191726727115
 0.048145141871989178
 0.021464799555596156
 0.074389382837279333
 0.057945566531023264
 0.060936141560639041
 0.067586879730473698
 0.047294848423694032
 0.073618978103361432
 0.0425533166470696
 0.042063373239146377
 0.03535240781979096
 0.0095776141418194329
 0.072718135292133862
 0.06191020644667744
 0.060142093093054676
 0.047180780639764788
 0.06089243536315847
 0.046612237167910804
 0.065485411622788176
 0.0045645046189349281
 0.055356482421750904
 0.027473358192839477
 0.044627551329645805
 0.031639110821522563
 0.060162766267749218
 0.072902520953740543
 0.053884618835765105
 0.075699160473672894
 0.044652195627034576
 0.075991421098851111
 0.040756448420411449
 0.035419123903273647
 0.065606307045377024
 0.059957746989821731
 0.061345368107233969
 0.066581509794847532
 0.062921063560008997
 0.062468120186114973
 0.048873401986846095
 0.064580331021073772
 0.052584649982338999
 0.072774181986796749
 0.075902945559582047
 0.057869553243701015
 0.035361010396854901
 0.028844047051218236
 0.032612872120419828
 0.031705541321576998
 0.049476948805500555
 0.022208743946354203
 0.069148728955752442
 0.028077897606112536
 0.052972715800325212
 0.055382808057337973
 0.063653127426085393
 0.057642467916637394
 0.056739727361626663
 0.063729698097745341
 0.05138447266779253
 0.077176396580278389
 0.070307407446073097
 0.077698831883103128
 0.074081697132082194
 0.058335001285475488
 0.066295640509906759
 0.066183886634419917
 0.074886193903096157
 0.067346377289798115
 0.062532963367160715
 0.0097003237834542809
 7.4085702266980321e-06
 2.1045442576659138e-17
 0.035434629864588105
 3.7684785530822016e-06
 1.8843513779188141e-11
 2.9744924445187347e-05
 1.097784026218972e-16


# name: epsilon
# type: scalar
7.7698831883124154e-05


# name: F1
# type: scalar
0.92307692307692302


# name: outliers
# type: lazy_index
# name: index_value
# type: matrix
# rows: 6
# columns: 1
 221
 222
 224
 225
 226
 227




