# Created by Octave 6.4.0, Mon Apr 08 14:09:50 2024 EEST <gasan@Gasan>
# name: mean_values
# type: matrix
# rows: 1
# columns: 2
 14.097116272326662 14.982182599035491


# name: variances
# type: matrix
# rows: 2
# columns: 2
 2.0933893810120363 -0.37681207189587235
 -0.37681207189587235 1.9469024612800077


# name: probabilities
# type: matrix
# rows: 247
# columns: 1
 0.065750428424221602
 0.079656776905592128
 0.019882294022601627
 0.036860256662880723
 0.033521929561412166
 0.066682529025049481
 0.03146377135766816
 0.071052693178411785
 0.018721897030120015
 0.0078535327514008338
 0.07445748289950585
 0.014257285334960465
 0.069321163205848288
 0.044582115164618227
 0.0729323152074738
 0.078381680457398656
 0.060227669809202619
 0.079398897855134487
 0.026461219958792002
 0.068467399863026496
 0.078250274172490183
 0.051611524512111026
 0.076774886495450625
 0.045106695945189554
 0.041184506735702384
 0.072324902999418378
 0.068804300845624514
 0.065422878182643501
 0.077941101196511875
 0.072369816728852343
 0.0624806215288259
 0.068446801484467579
 0.079224208815423927
 0.035954329643215266
 0.075768610044819856
 0.029285580511567023
 0.024811131639474349
 0.063082598081171046
 0.037550906775007512
 0.075022477148242353
 0.034382846105398178
 0.054411385298439634
 0.044937126900020052
 0.042139815956299675
 0.045304757587933515
 0.07693579852541485
 0.026532987353850648
 0.066196307298881971
 0.022887267849388545
 0.011167333372855897
 0.073599467528069992
 0.023080282919984825
 0.059400133343438841
 0.021277572959373658
 0.0089960912122262638
 0.032108567410359987
 0.051414731624271535
 0.04665747685596057
 0.079151677998606118
 0.015917531335051485
 0.05574308820850065
 0.071156600736318854
 0.078228005273669521
 0.076067951443273468
 0.040540659907509116
 0.06514161310664969
 0.044462156301458257
 0.066330165840347732
 0.024239306450589131
 0.078658953008273899
 0.06420515943355784
 0.034394427387527758
 0.066917723034999613
 0.048749825475327212
 0.029104321356945965
 0.076735922224630965
 0.067156683493807628
 0.061017124882591825
 0.066610662030836182
 0.05376369449141518
 0.043065852111308769
 0.079596294906215587
 0.012444582775327947
 0.044003393959859673
 0.074350126010080772
 0.025671838675184157
 0.048995601282468902
 0.0047950465001679902
 0.053076014839134683
 0.080003229185876601
 0.046014662550219659
 0.023718613040845965
 0.056392468278148304
 0.075323078830943954
 0.042087496583310055
 0.05754116446196416
 0.078826784895404234
 0.046110112889540374
 0.057598126063907185
 0.078796459897809659
 0.075132853207908551
 0.034985545491729358
 0.046062580937425053
 0.073756738788597426
 0.061200639247787826
 0.04049157482582063
 0.072874089618700691
 0.077455854336781774
 0.01762992477305618
 0.066333630441069338
 0.0021041369936605171
 0.079539056463906521
 0.039043747955705442
 0.052964502770916883
 0.051623103797733168
 0.066777760949017703
 0.072170945466590419
 0.079473648208559802
 0.043847926267649794
 0.034017369748905311
 0.077307561313216255
 0.071039914976412807
 0.046132388758907981
 0.058434148702871565
 0.075453655739023962
 0.055591002284353
 0.05825868668868954
 0.052328592203144397
 0.059985487701088309
 0.071119242040506334
 0.041799444101052942
 0.027638679720084963
 0.061437347078164943
 0.06147337659891438
 0.058437569647999475
 0.039527316641898756
 0.067186256350183604
 0.077237827931526393
 0.060482208628303169
 0.0084801350783964176
 0.045731359335655634
 0.063900831674728861
 0.071312621698619336
 0.040234877796307161
 0.074477826741255915
 0.061003639468590894
 0.063190483517103449
 0.019419916330883798
 0.074587942796460513
 0.066851180642545097
 0.042029330884796594
 0.057964499621573365
 0.053597129766535315
 0.040267996918340702
 0.074220147372864795
 0.065573125734667601
 0.063371560978281699
 0.06344985799472129
 0.043945014371559094
 0.072465798965662631
 0.07320785013217794
 0.072590738800127411
 0.017785522908165891
 0.026107811021097986
 0.037436270135657618
 0.059194609079155691
 0.018540696919924573
 0.05083406705023151
 0.046606966245093126
 0.070947073828402832
 0.048299170731676909
 0.022271529952554339
 0.076818934807463518
 0.059304370891349753
 0.062644054590197298
 0.069400040134060453
 0.048504701673205142
 0.075998042544139804
 0.043961075979051807
 0.041400184961271201
 0.035908012919410516
 0.010039573147412136
 0.075011433296122906
 0.062573633395810443
 0.062245407955335667
 0.048569105097667223
 0.06289863512325565
 0.046469023108782696
 0.066525880664697501
 0.0047802451736701935
 0.057055899027940594
 0.027926081072856154
 0.046248181921967411
 0.032899743317980533
 0.061394435634290277
 0.075040036576189559
 0.054556663376814668
 0.078085137001101382
 0.046225566245891192
 0.078467767964967433
 0.042003914904619619
 0.036765039261724315
 0.067491773571781002
 0.061301726582216415
 0.062959939707420018
 0.06838438070358803
 0.063644347137679483
 0.064638526554477341
 0.050258725813868664
 0.06564733589629021
 0.053539210780009235
 0.075134661153775914
 0.078153318964167412
 0.059797477595211236
 0.03658972488670599
 0.02822053047364418
 0.033545391819826118
 0.032521922318478211
 0.051158016689553325
 0.021991566205979061
 0.070635320886815803
 0.028488561995148258
 0.054640062815390834
 0.057202286248197773
 0.06575163799792122
 0.059475193556512013
 0.058034878444946036
 0.065933581278254494
 0.05296027669919124
 0.079678538008037522
 0.072059764102543944
 0.080221878642651248
 0.076413684154522182
 0.059858573925969868
 0.068125326004317602
 0.068055523545268296
 0.077310421245125646
 0.069571118747462912
 0.064373414787895059
 0.00999628262723894
 7.691259237160953e-06
 2.9820093135124357e-18
 0.035922421690760167
 1.9927961692254355e-06
 1.038567020926142e-11
 3.0512797188525555e-05
 1.0463672647559043e-17


# name: epsilon
# type: scalar
8.0221878642654229e-05


# name: F1
# type: scalar
0.92307692307692302


# name: outliers
# type: lazy_index
# name: index_value
# type: matrix
# rows: 6
# columns: 1
 241
 242
 244
 245
 246
 247




