# Created by Octave 6.4.0, Sun Mar 31 16:36:03 2024 EEST <horia@horia-zenbook-ux3402za>
# name: A
# type: matrix
# rows: 3
# columns: 3
 180.30808816402816 101.81252252985674 112.39526455203182
 101.81252252985674 70.687850157195982 62.667446726740664
 112.39526455203182 62.667446726740664 78.544423833412665


# name: B
# type: matrix
# rows: 4
# columns: 4
 144.77209953658516 146.81488994698222 101.91128520638327 135.14248884454943
 146.81488994698222 160.44189253189188 86.435380984266516 115.23471108872135
 101.91128520638327 86.435380984266516 107.42022119144002 136.29318864643975
 135.14248884454943 115.23471108872135 136.29318864643975 192.75613250087127


# name: C
# type: matrix
# rows: 20
# columns: 20
 56.962008818150892 45.38767523924853 35.905836429568218 46.82249280185431 30.547767715665984 47.480011333483866 25.035573262450686 41.302505073448103 48.397238640083401 41.543063538186061 47.516945801312218 56.022684917967688 44.95913877229669 56.821828915173832 51.082048818959514 38.483954138448283 40.74161733573299 41.096074903236186 35.994795602857408 37.460489091566764
 45.38767523924853 67.03617545600315 50.820485888423029 54.932445780482212 40.100321205681617 58.241696863305449 36.06413360413481 54.374112869805934 54.528055581006917 50.049981824577955 53.568138047180945 62.584442338163541 53.379054217031396 61.335485347491939 56.708767053625536 50.062247420620622 48.143978052454379 50.678554196427733 40.552278683112341 42.860628747905231
 35.905836429568218 50.820485888423029 53.983716867172845 40.202999936373615 29.244341957253045 41.233802985089689 27.934285692000493 40.93110689607046 45.378076256405116 36.027361716273809 46.226891127464143 55.387115437035568 41.147900836462206 51.177488811205336 50.402970062931878 42.535657240617766 40.713486055652666 39.451615945979832 35.167177401727855 36.075795949847731
 46.82249280185431 54.932445780482212 40.202999936373615 61.694056732140318 41.391616640388548 52.794624067607181 32.702672163111323 50.130488308305587 52.833753096781827 50.351442963403514 55.153819953465643 57.534038288772983 47.961402093806065 56.085777875444535 54.685697437383531 42.453355100732708 44.011769891722444 51.192043508112363 37.502633513487652 39.240591321130566
 30.547767715665984 40.100321205681617 29.244341957253045 41.391616640388548 43.128981949999861 37.567214243704207 31.185632778736629 41.746582872519731 39.042299670029422 31.965691687178541 42.065195300572704 43.138380001386778 36.888549084749641 49.57147826969566 40.33475963663998 35.846228554736008 33.471774872066383 39.861961155288263 32.480010583524802 28.252050845671238
 47.480011333483866 58.241696863305449 41.233802985089689 52.794624067607181 37.567214243704207 66.346051394231097 30.24153868361428 48.837728051437644 51.202613633457617 49.580914004306784 59.439892266784028 67.905021253142436 48.180065792449525 55.057077987041389 55.776680291817428 45.8887398753049 50.287145848320627 48.03160399027275 41.826475864048213 39.4553588767807
 25.035573262450686 36.06413360413481 27.934285692000493 32.702672163111323 31.185632778736629 30.24153868361428 40.545014615006473 40.58658436393997 38.014140106520387 32.980356537442795 29.709361814336791 38.490689882169775 30.496045764867194 40.746598604745444 36.740615261915309 28.276304253080824 31.633956422067776 36.642931417960732 25.963675113591954 32.611247247552782
 41.302505073448103 54.374112869805934 40.93110689607046 50.130488308305587 41.746582872519731 48.837728051437644 40.58658436393997 60.30939629121864 49.748332076051859 46.38488715320981 51.612428855187247 54.886783895120217 49.254944568291229 55.91313654482542 52.953804504110323 38.600494480802752 39.787977123391073 48.138222699740957 40.015727416502237 41.395729564554159
 48.397238640083401 54.528055581006917 45.378076256405116 52.833753096781827 39.042299670029422 51.202613633457617 38.014140106520387 49.748332076051859 63.322722019094023 44.690313338811201 50.737461055411188 62.235038905386901 51.025813042684803 61.17374882744069 55.273193445076977 44.050474363246003 48.712004873118573 50.188495615463999 39.680896799597299 48.886540568068817
 41.543063538186061 50.049981824577955 36.027361716273809 50.351442963403514 31.965691687178541 49.580914004306784 32.980356537442795 46.38488715320981 44.690313338811201 57.903756950608759 43.602713534206437 52.089225993718614 40.838919072914443 47.584134387010643 53.946693153792232 41.875378396838457 43.427906505358848 40.749067475867342 36.473018971864683 36.618909749234035
 47.516945801312218 53.568138047180945 46.226891127464143 55.153819953465643 42.065195300572704 59.439892266784028 29.709361814336791 51.612428855187247 50.737461055411188 43.602713534206437 73.332321747726525 67.581775546500452 48.940755123110883 57.97427388191668 55.266030515665648 40.960563424142492 51.546110260561683 49.564592250726569 45.390862856026267 37.866897329230255
 56.022684917967688 62.584442338163541 55.387115437035568 57.534038288772983 43.138380001386778 67.905021253142436 38.490689882169775 54.886783895120217 62.235038905386901 52.089225993718614 67.581775546500452 85.946645461473935 55.236980574574865 67.65183551312218 70.393630071683916 54.541793626416549 58.217774980545229 58.286894927321079 48.274333696003247 52.771554939794022
 44.95913877229669 53.379054217031396 41.147900836462206 47.961402093806065 36.888549084749641 48.180065792449525 30.496045764867194 49.254944568291229 51.025813042684803 40.838919072914443 48.940755123110883 55.236980574574865 55.098977490391285 58.739178753365032 51.687519611409563 41.446290154695255 42.195509080653238 47.268197989207472 40.286726219378657 45.087643625514872
 56.821828915173832 61.335485347491939 51.177488811205336 56.085777875444535 49.57147826969566 55.057077987041389 40.746598604745444 55.91313654482542 61.17374882744069 47.584134387010643 57.97427388191668 67.65183551312218 58.739178753365032 78.446915274897378 62.637331744773448 54.394837439877442 49.570702825232608 55.493742821032242 47.972290747130074 47.343881494625165
 51.082048818959514 56.708767053625536 50.402970062931878 54.685697437383531 40.33475963663998 55.776680291817428 36.740615261915309 52.953804504110323 55.273193445076977 53.946693153792232 55.266030515665648 70.393630071683916 51.687519611409563 62.637331744773448 72.749752968072812 51.555015180513642 53.14098186081192 54.684210628449762 45.244108625897397 48.765288730203679
 38.483954138448283 50.062247420620622 42.535657240617766 42.453355100732708 35.846228554736008 45.8887398753049 28.276304253080824 38.600494480802752 44.050474363246003 41.875378396838457 40.960563424142492 54.541793626416549 41.446290154695255 54.394837439877442 51.555015180513642 52.716063286370044 40.983814782416403 35.831132269932723 35.824924700351261 35.431080181878166
 40.74161733573299 48.143978052454379 40.713486055652666 44.011769891722444 33.471774872066383 50.287145848320627 31.633956422067776 39.787977123391073 48.712004873118573 43.427906505358848 51.546110260561683 58.217774980545229 42.195509080653238 49.570702825232608 53.14098186081192 40.983814782416403 59.855061746716608 44.339948547114503 36.729270464502903 39.538162348720078
 41.096074903236186 50.678554196427733 39.451615945979832 51.192043508112363 39.861961155288263 48.03160399027275 36.642931417960732 48.138222699740957 50.188495615463999 40.749067475867342 49.564592250726569 58.286894927321079 47.268197989207472 55.493742821032242 54.684210628449762 35.831132269932723 44.339948547114503 58.392709371719079 37.603157086712038 41.248885040249696
 35.994795602857408 40.552278683112341 35.167177401727855 37.502633513487652 32.480010583524802 41.826475864048213 25.963675113591954 40.015727416502237 39.680896799597299 36.473018971864683 45.390862856026267 48.274333696003247 40.286726219378657 47.972290747130074 45.244108625897397 35.824924700351261 36.729270464502903 37.603157086712038 38.695687679318958 31.736983539443969
