# Created by Octave 6.4.0, Fri Mar 29 05:34:05 2024 EET <horia@horia-zenbook-ux3402za>
# name: points
# type: matrix
# rows: 500
# columns: 2
 0.65199361423048108 1.2883506450269924
 0.77030883322134469 -0.94307944623873452
 -0.38100580500829595 1.1197357797719125
 0.25305619944526869 0.52757350431043049
 -0.59442694181118916 0.66548227645430258
 -0.49329893635028454 1.0214884870742476
 1.0133859231750153 1.6996430939164828
 1.1421195475378745 0.60984955134641694
 -2.1462341081628695 0.19128857527998389
 1.567404062187951 0.24778059616893169
 1.3702509266090919 -1.247543618196691
 -1.373407930593346 1.5810200038752777
 1.6678867424984971 -0.84122912764616975
 0.28183759905242933 1.4490536616522705
 -0.52764317466580102 -1.0657957491206078
 -0.91894749964740641 -0.29381711655169168
 -0.57309499455271207 0.12672686316368131
 -0.55053374586552573 0.12908239731313226
 0.50209101412765245 1.4286429969498484
 -0.43363665890900943 -0.51266975988922048
 -0.0912548143334517 1.893253957931593
 -0.29385351179419195 0.90481083165735288
 0.37022345123748035 -1.4248392941991508
 -1.3174831431505369 -1.6502821103679957
 0.87574742357623836 -1.6545317096162016
 0.49585390258635209 -0.63545151073737205
 -0.81767250081803655 0.51350262998836427
 0.44293401105580688 0.49001877674645772
 0.687220233179481 -0.23841159080033483
 0.44771453501004776 -0.87208285037607725
 0.92017371019355887 -1.4630590590408841
 -2.205812762999888 -0.41833490521559291
 0.68720301097769754 -1.1827655193587758
 -0.27866600609283504 -1.1435899558792288
 0.98911012838514512 0.26711418627461309
 0.30496615340124339 1.5394046448916716
 1.3350021690174476 -1.2916140101211215
 0.30550846780564889 0.30031399512624685
 1.2362623616726172 -0.032640057936197099
 -0.58769950257842629 0.62338015114529644
 2.3754789478459544 0.34894647638134718
 2.0173660432454805 -2.1080805178108282
 0.3837006183536163 0.31430668123485878
 0.45854482174905953 -0.37791768001797338
 0.50057894620707877 -0.37949597971503141
 -0.8003545815855444 -0.99085753481076067
 1.3004834269366798 -0.44477837663449887
 0.80180375803742421 -1.0318159515236234
 -0.46042092594092265 -0.37064570236351985
 -0.46053165890415337 -0.62004589512905306
 0.87649650160687831 -0.10736884543787552
 -1.6857525662103459 -0.37134107885004769
 -0.32110917470356459 -0.92917223249344139
 -1.3704496763878571 1.088451280784642
 1.0574892692562043 0.17207232629184807
 2.2104532130052643 -2.4237351480774594
 0.69779042297493699 0.89847698188968905
 -1.8030519661598445 -1.105242863966835
 0.66738821675489768 1.06378812422664
 -1.1750693961947902 0.38000571154053286
 -0.25860576253057493 -0.17923754850532853
 0.41093096052327721 0.00051406928925915051
 -1.4086074401421866 1.0052200152509001
 0.16272652339546922 -0.52719636001254955
 -2.2250727568596327 -2.2130754500533714
 0.81864427640267567 1.241151815256784
 0.3104099309660539 -0.5720506088566244
 -0.2827023773035004 -0.44723663877532488
 -0.061616839200065388 2.4811015938985754
 0.94889440197426356 -0.47619667998960813
 -0.35284565749164976 -0.65392110112634438
 -0.34379942092187543 -0.14779927599035167
 0.029185235454500004 -0.0020286480139702955
 -1.0148114057210036 -0.53607976349703446
 0.19328975772766149 -0.17044075467249106
 1.2659665702488019 0.99260018266790517
 -1.4726085296504443 -0.030906745426831941
 -0.89192112557775782 -1.7928044681407156
 0.53964815082705309 -1.683540454184975
 -0.61291509289889023 0.2315308531125691
 0.16150959935458079 -0.011310821026820163
 -0.98237154599836618 0.95342785856743351
 -1.0848699187232895 2.6042651083668455
 -0.83350932046213422 -0.29009764387380316
 0.31798707187832598 -0.1447903402294087
 -0.54761460540035478 0.98379530709571639
 1.1908826384111044 0.43347696063961849
 2.1397679781410197 -0.78513651236408599
 0.22999944706326275 -0.69944141323269837
 -0.50515118765975875 -0.021568679014993455
 -0.77398742382429597 1.5427311569490614
 0.6658003368887665 -0.38867149534355661
 -1.3762199924162029 -0.08156663847099016
 -0.20503792734234619 1.4313162598563083
 1.3097455803840541 -0.057218703604724308
 -0.83559733059899099 -2.1428542985833827
 0.97440739371492335 0.04810829302538476
 0.22247110221879055 -1.1524154483912201
 0.59008806664849656 0.88171737607810974
 2.1357804866638248 0.015411290462666738
 -0.05642361029286299 -0.56908977512840941
 -0.29481255729414596 -0.21657492255070551
 -1.3142557055713737 -0.37064622265441532
 -0.043302335057235353 -1.4346916579195748
 2.1151641268278301 -0.082584130341666437
 2.7277618929339726 1.1763446619376967
 -1.7616750869233853 0.57561395907401525
 -0.46402867985508017 -0.43514526831260125
 -0.3053656678507693 0.42251590241284509
 -0.32269719856079704 -1.7772887085904328
 0.20996969464077744 -0.65002018634613989
 -1.1291472850854374 1.4481475758247542
 0.50097561956614745 0.29154151876597767
 0.20256587525789832 -0.6367348091854873
 -0.86571060717567916 1.0786352916591508
 0.43921149179564911 0.20838402497013062
 0.91607675706475722 -1.0220046375761873
 2.1474709793929203 -0.62748471404080042
 1.5091821627991455 0.14713411841095533
 2.2076685187396663 0.72171216145346195
 0.11639130198066368 -0.21390776086079419
 0.65529238158611347 -1.1901995625720536
 2.2130296763349517 1.7609164057257272
 -1.103959175989099 0.68589401807227801
 0.3281361157145315 -0.64358406877932817
 -0.16377546981630259 0.23997175531756926
 0.72159388679153713 0.24006405408688716
 0.50402022678393721 1.1488810763019217
 0.29242345761915928 -0.44581488226187732
 0.49256827403121267 0.70863240603312561
 -0.9094429904453154 -0.70753828934411145
 -0.31508015589303223 0.61289579121226578
 0.66292614306744124 2.4956485915102875
 0.27925915667386236 0.38586056084602172
 0.46424678060762514 1.7765809824814782
 -0.35452665601183725 1.5749697371741933
 -0.6285137766561808 -0.56636968198361759
 -0.53482929959735659 0.081056489900303924
 -0.47206834492910377 -1.8714484963949838
 0.11044669990883957 -0.10338216840359897
 -1.1483723827957397 0.47681787616337856
 0.14263230929387802 0.13298080259938339
 0.035503952495181366 0.082574271034790772
 -0.051364089487502262 -0.69038745489073494
 0.25121759347331257 -1.8469107584773532
 0.76827675143520102 2.072150746605979
 0.26974404723924533 0.60608691597611131
 0.47179757077602708 -0.22331633721839667
 0.35438680355000851 1.0106932843861614
 0.54452594052143166 0.36759463347712013
 1.8888997222530328 1.5561052184378885
 0.32167806618292066 -1.7488191152535593
 0.41266554856629961 -0.18617611869706138
 -0.34354003639415204 -0.051362906408316554
 0.22788009449168967 -1.0610869210656075
 -0.15999948282027951 1.7577706889266083
 -0.61802020568501248 0.45402479872046142
 0.55786690547763507 -0.31757741884887014
 2.2076563035577994 -0.24267058078966589
 -0.66165133029398526 -0.35820277410597051
 0.97128465035021549 -0.45146201560842453
 -0.26613305627158379 -0.71801682529146671
 0.61228852951133528 -0.5110717527099975
 -0.9460137196307683 0.63257978554640626
 1.451363493034332 -1.494464069851186
 -0.83083579434778065 1.628729906872856
 1.5381472173301207 1.0306129741967311
 -2.3704609641287586 -0.34828022284663113
 -2.3967866950027239 -0.19399551070297935
 0.31260586526416512 1.6783237050647997
 -0.98764320012570672 0.22559688862840388
 -0.62921615707228062 0.054565065507167193
 0.94038976245262651 0.5814727131992794
 0.47856321998564205 0.13802750464010546
 0.060610974082696834 0.65420002173693237
 0.097805938387638486 0.33370127755770068
 -1.3553394365921414 0.35631688139884304
 -0.53249967312878532 -2.2781509595483058
 -0.036743479179638876 -1.1331037582221382
 -1.2725450853026805 0.97762605895335264
 -1.5375113755762784 0.8917727325243352
 0.42634539388597986 -0.015672702079630771
 -1.1647923565441931 -1.2514811353451936
 -1.1872649423189459 0.57660231672259765
 -0.74093830620137813 0.657864910737748
 -1.6509058520553339 -0.004746881216752789
 1.0945723060531372 0.43586547642213608
 0.6993034892347747 -0.79437619032261586
 0.52186042439277691 1.2473414219628105
 -0.63057121114061054 0.76976218643211836
