# Created by Octave 6.4.0, Mon Apr 01 23:29:08 2024 EEST <horia@horia-zenbook-ux3402za>
# name: points
# type: matrix
# rows: 700
# columns: 4
 -0.036745716989869337 1.0770045711044514 2.0715326396445488 1.3383046404450221
 1.6672388206275246 -0.32153207771690906 1.6935084462322738 1.6182030263411553
 -0.96025884437168496 -0.11269124641719303 0.5533887120146509 -1.8396914394291819
 -0.6259419992084444 0.085497992843798123 -0.40826936375630368 -0.38959439457721534
 -0.27412255173960115 1.8962169638521247 2.0470713260921225 0.60665111145527129
 0.61194615990760315 -0.58837945857008189 -1.1683999872616662 0.7192927650262646
 -0.48192447620929058 -1.0740462708515917 0.17206219985084342 0.069238837196845232
 1.5726802585850701 0.72502718781046227 0.52109554038021932 0.65883215814098972
 -0.59067567625813788 -0.045798201480554503 0.11321794919783319 -1.2482302361027766
 2.0403537772603468 0.86697479074172712 0.94837241791928617 1.993303580093009
 -0.34910685470270419 0.11104389922676458 1.308617083640895 1.1647036238501589
 -1.5032433553790334 0.17633492875129486 -0.35933147088371864 0.81539556359697274
 -1.5266293793873287 0.041784826585125875 0.39738966343382304 -0.55943160586930352
 -0.45293367627132347 0.11171149040761848 -0.55208951425612551 0.046117151679420133
 -0.19149404918728238 2.4796399795062603 1.7668240934298642 0.81701880021122009
 -0.66048286189181948 -0.3158429354991642 -2.2924431699931049 -2.0924348622559199
 -0.44491674480159332 -0.62338218788125987 0.52275378293551367 -0.39420011790621667
 0.72330155599181056 0.94891073853841912 -1.7998444652413299 -1.3593556315765627
 -1.7560945432251345 1.3763812048153623 2.1055459617729446 1.2614746799885077
 -1.468919372008638 0.64415783241967817 0.13304012779739863 -0.052715673777992203
 -0.87532910887939042 -0.0052678327463451229 0.77552294931929155 0.15729875745720234
 -0.55170651867458664 -0.065835972140544249 0.53670584653055442 0.75892775812050239
 -0.13820636149381468 0.052095693166944006 0.33288485645602967 0.42349650019117352
 0.56367288176174635 0.20689699802665096 -0.47788297960579318 1.4867380288164469
 -1.0024824352577111 -1.1530529236104805 -0.86419854116778927 -1.1988493672609093
 0.69081556126876398 0.9011917542724458 0.71490120405508517 1.2169911477227124
 -1.6811369610516147 0.74045929184852755 -1.8638176645920925 -1.222368866342467
 -0.014623707467320888 -0.15641457206976853 -0.20496082553486322 -0.75941748908642137
 -2.3218304160641901 -1.8078461206611871 -1.3380613245223461 -0.52637458848686403
 0.27642594770302115 -2.24975161080937 -1.3247060661507268 -2.6139988658789743
 -0.70764702424444459 -0.14573287798671813 -0.44493769333311606 0.80344123840077974
 0.27423355151832829 0.13053111873593307 0.41570071166785011 1.0272861457697482
 -1.1776932859850224 -0.13796756678960034 0.51731233778922314 -0.54497150670806238
 0.6820224230038423 1.9359277265290569 -0.048055237756059216 -0.10989503411551872
 -0.40747142045594564 -0.78697566001587083 -0.92084615656419744 -0.52118275516539181
 2.3423768866576937 1.3508436340225134 0.24243427957864655 0.034120851492168945
 -1.0014090756450618 0.58046316127617992 0.93829455202104683 1.5558007017378144
 1.9107179566123311 0.49964369537607001 -0.36478604662115233 -0.68539526374251092
 0.32266918004515632 0.96363615105424405 1.1543811973939515 1.3261717539818489
 0.97356421221961664 -0.83039244510639842 -0.2561740654010875 -0.24070542940413611
 -0.15258501258425058 -1.2052073362646143 0.67116189588614772 0.44559864980321345
 0.40409256149754985 0.76574783986258876 -1.2399657122584788 0.50896848649992144
 0.091441742494399333 0.76417120121024407 2.0998026107187471 1.6783613395881165
 -1.566825085572761 -0.54390842269031969 -2.3241700935300873 -2.7059048530640504
 -2.1346867819871873 -0.55782377586879928 -1.5288742162402449 -0.82391113587269238
 -0.11819594455728608 -0.50641088920138977 1.2148504896564531 0.48639999097336606
 -0.75374828602465616 1.4785974626526339 0.078078601217532365 -0.80542679085968094
 1.7809547084201141 0.44331087676790559 1.4071086880930668 2.0738083378386016
 -0.91381107456616539 1.5276266012414763 1.1335847994927659 0.2782127089836392
 -1.5739900274556227 -2.2443894440142405 -0.13327128821515005 -0.32414807672405083
 -0.66591072448434985 0.85371163961761731 -1.3130426094882863 0.024770669466744194
 0.63593940839165031 0.34627868565945846 -1.2362792019692217 -0.74718262162335514
 -1.0616073634682783 1.3750310459613559 -1.2557301350433929 -1.1740827430594787
 -1.4681357959894508 -0.32229917382344303 -2.2784693368158675 -3.4883750549451893
 0.51953460089119263 2.9747423704840963 -0.4490404971464752 0.23740221486871663
 1.8215593453979493 -0.71702422891572803 2.1064754940462107 1.8008790731449495
 -0.40511857812060392 0.68097526024370791 -0.74735944674540966 -1.1730428864983091
 -1.3705475700773528 -0.1894345018543695 -1.2974924716150695 -0.73195023896323186
 0.80091762906592223 -0.33855244775493404 0.328539472451709 0.52437831016438174
 -1.7314321293626003 0.046172645486969782 0.86324024823956524 -0.24215616294178663
 0.44955818689604454 -0.25920370578378743 -0.31054161937772051 -0.96085323781385612
 0.22020804769345906 0.33957934063311557 0.54190701702081479 0.78297329252655812
 -1.5711936391443295 1.2578317345894856 -0.01132547847294265 -1.218034166246305
 -2.0527577061375673 1.424799744644667 -0.38157039915631719 0.61421425077927938
 -0.1476420091826379 -0.18073393320690442 0.033588692581332076 -0.24313871195787518
 0.11792499484722244 -0.027974183906852957 0.37155478434972528 0.53796265242624441
 -0.024189162540320851 -1.4559015439731655 -0.26964471799501771 -1.1469363059997575
 -2.4448636404266062 0.24508278302423453 0.19856796381120029 -0.25641906520639784
 0.40296333443164611 -1.6334461692055493 0.46618177423402601 -0.59848859379011743
 -0.33155862614902942 0.0010977063368979791 -0.2251254159226278 -1.1882730628662845
 -1.2487354464560525 -0.78506772755951659 -0.39254551143703409 -1.8469044094654867
 -1.4883927441719949 -1.1927242425729567 0.71937259219707295 -0.71867980437591106
 -1.0210592708361579 0.19324809983861385 1.2742559983434696 -0.59755748360204652
 -1.0386362015052149 -0.96892017077490211 -1.775301046324463 -2.2402545729021264
 0.37129451845673545 -2.5058412864678972 1.756171835966704 1.9212988758329435
 -0.079884038780126246 0.8448112858593807 -1.0998149628901908 -1.0227884918415637
 1.5789389937223528 -0.95687655237392555 -0.6793755716441916 -0.39421454312787468
 -0.015337952712305765 -0.35342878611106976 0.27885660765082432 -0.10177281600140153
 0.97588280239917402 -0.58171460068300596 0.098903536916376156 0.36869755396183124
 0.82340537506224176 -0.27896762997022873 0.8356760617770117 0.55779790112727967
 1.3377872061437348 1.7888010377247552 -1.4347873791800156 -1.1243916994838534
 -0.88236276373757128 -0.46938778009386517 -0.96777028197584758 0.54861683932904415
 0.28232618712624702 -0.3841158822554484 -1.3218653658646362 -0.83002192994373825
 0.26063210382088564 -0.89374387963208013 -0.50190544517861191 0.34078126179439916
 -0.5910954085105542 0.1786195149846713 -0.16140415726615645 -0.54752990680304392
 1.6469523687993333 -1.4536151220679454 1.0877145697881856 -0.6871726545913267
 -0.00070184569028380807 -0.92388598397147681 -0.034900800877757647 -0.27485884447607767
 1.0332502518557161 -0.31105950738957827 0.58812674159162392 0.23123184449399509
 -1.2194715181261693 -0.50393665855789871 -0.81534776239143381 -1.3744951275500319
 -1.5606865051335876 -1.595562882544546 -1.1099767573980879 -2.0778424163064395
 1.2775162384448702 1.2444176747618207 0.76116462903010351 -0.063774770005020201
 -0.30195681422476728 -1.1904372987083827 -0.65067014426038217 -0.78096400149402123
 -0.33754307134492817 0.046581254416245693 -0.65825731865642079 -1.9787964466214039
 2.1934565289470078 0.20436273082791542 1.8981470588827773 0.65965713461465691
 0.92776714056698695 -0.46926244119659771 2.1548271193907849 1.1127459427768844
 -0.28520248439359974 -0.86825608356489259 -1.2385608850653995 -1.1209814256192718
