# Created by Octave 6.4.0, Fri Mar 29 05:34:06 2024 EET <horia@horia-zenbook-ux3402za>
# name: points
# type: matrix
# rows: 700
# columns: 4
 -1.6605379724479696 -1.8788870678060712 -1.267058442132307 -1.7205753772407617
 -0.15999681439551611 0.426048180020281 0.44534637765441687 -0.14160061040183175
 -1.409310586859829 -0.21926556714932341 -0.021505006810009344 -1.5639924735923008
 -0.16144027774658373 0.60267580972066292 -0.41388228709377867 -0.15693491936530904
 0.13242486286767013 1.2702916614727415 0.96117459240269321 -1.9375320500378022
 0.34514603256060306 1.2691249289756146 -0.81442545180607406 -0.68625825575642596
 0.48866454984835578 1.2020141296807585 1.0132751767824459 0.024050630150062997
 -1.0173533833507296 0.83245675245572692 -0.2065578350855137 -1.5461911108018258
 -0.46395200899599143 -1.2351689781383473 1.1517101194608541 1.0866207998851849
 0.64737290862190222 0.37290000891134056 -1.0161734825126012 -1.1440314386925443
 -0.9114079136849168 0.54193786426664114 0.53341595213035464 1.4836140083384999
 -0.42722040133471795 -0.68107349022107877 -1.0317360394374311 -1.9321695292094625
 -1.42247365625644 0.63342028262975503 -0.19911029567574812 -0.34486459437602257
 1.5130604196948789 -0.9554842840646226 1.0037901705753669 1.2182822642360704
 1.1738111306891692 -1.048493387319426 -1.4511229592258585 -1.2741287500523935
 0.18010652837755151 0.82951115014717303 1.4744025093632416 1.1237463492598201
 -0.28146476552274835 -2.2728112184464231 0.22896710885208751 1.3176564024268169
 -0.038595121153782157 -0.17487822577378004 -0.23008415335845828 -0.63800569357390091
 0.14171076555003265 -0.15063225427471871 0.49977916471352168 1.377538577614013
 -0.47364076387607879 -0.7958981785066197 1.6363686513001461 0.72392171666649108
 0.46220923932650732 0.62183667591740011 0.74369442670094787 0.47094678553036129
 -1.3984303523830215 1.0520517365082336 1.2267793729280771 1.4367061491822595
 0.9225245058736381 0.064371856662496965 0.54667851645210086 0.29729555676506791
 0.24217927883868839 0.90112776036434039 1.5445618326116872 -0.34116494732148117
 1.2887027956739971 -0.28995408182479193 0.63006612402975115 -0.20921038132935724
 0.64609032108651099 1.4975021523374181 -0.28780692868887825 0.80764656015331415
 -0.37013843394133056 2.2334117483557572 -1.002557545376771 -0.034053102988757106
 0.43283896728980575 0.29667388704621273 -0.25026073224291884 -0.10968075798332844
 1.7716128505257098 -0.99630768080433851 1.0542802169876548 1.3827005450148264
 0.96038392449702947 -0.30548314802441318 0.31442825190043566 -0.25980245684807984
 0.20333623079909044 -0.17539558978108877 0.14431532630121174 -1.0548156843526431
 0.80849364764044251 -1.1003402049052762 -1.9281059774098399 -1.2601927212831687
 -0.71009543564742217 0.022488399666848964 1.5812738519495637 1.0268587722671951
 -1.3522418488016412 -0.45089442876121127 -1.8919657277617428 -0.84125575936383645
 -0.6330125440725336 -0.14379257476423571 -0.48214556674118203 -0.27812249361306846
 0.37253690184042898 -0.96605889134362632 -0.77021122828458477 -0.51327372687363126
 -0.029015569975658163 1.289595956592765 -2.3166160271960829 -0.57085190694801857
 0.52002514049703163 -1.2071682816564289 0.43664844790648127 0.12473465510846402
 -0.44387788267896544 0.15566541616395266 0.64728498365105036 -0.1795783091733375
 0.4836971418648161 -0.91493849140030947 0.57287507876315191 -0.060818802883832061
 -0.31737711755858966 0.24583665880390726 -0.64301677040831262 -1.1486508680313041
 -1.5180721281374796 -0.90829426011129322 -0.069156517002982573 -0.40711696158452138
 0.29526536110970225 -0.46020300902073658 0.9205439887117709 -0.82628861847330459
 -1.1420698614697982 0.83007203096889537 0.49761532994292873 -0.037317948093901002
 0.032279760151902377 -0.61535382598510513 -0.53592450199974928 0.66729535029294929
 1.0980313179091747 -1.0440787904325231 -0.85885392524483861 -0.61967079484177723
 2.021950485564127 -0.014181544598863175 -1.490845218451071 -0.51182033438835495
 2.2596869489842391 -0.29321191278915665 0.16187404145711723 1.8533175166217433
 -0.76262900057146821 -0.33547355055850775 -1.8116447356690684 -0.53519261951212738
 0.45683824324270811 -0.18924873812469828 1.6064963557684953 0.71085909083821808
 0.0078758462179635402 0.79918339738126187 1.7238709835953308 0.0017378281340926704
 -0.32462363789220755 -0.33620442693363461 1.0347549837532712 0.07066248595619791
 0.27293864660510314 0.010091301428845054 -2.5715238394861775 -2.0495976549090122
 -0.032314179203538733 0.070543334282788611 -0.016396960565544311 0.55407617438766665
 0.9884186154138882 0.91613343126347913 -0.27166869873716482 -0.011586710239442475
 0.72666338835894706 -1.1940798734941163 0.16443961396675744 0.81384918570930109
 0.67758519815583662 -0.10527433723445512 0.481243181767807 0.55176766283983614
 1.333960196391959 -1.1023510903183482 0.52208843982340414 -0.16948692097398532
 1.2911926059975369 -0.44686041211799277 1.0436413579474293 1.1119610183130917
 -0.55218245434532909 -1.3478029526361073 -0.23607879509186011 -0.22976148894148868
 -0.47357992760448281 0.23539527894607154 -0.47231852534115348 -0.013955771554284681
 -0.13073131207370428 0.72863552509567098 0.52707018927790605 0.93326950771721173
 -0.51069364091326974 -0.31181522985184312 1.1149567145374188 1.2139307436953892
 1.0836405408734144 -0.79388679469685741 -0.93465370199001052 0.70693602458411264
 0.027426908084556844 0.86087403513661709 1.5634472033366047 1.8163309949519935
 0.74626681692063246 -1.2242475187620714 0.30369407122527253 0.71572660157330215
 -0.57341298363811111 -0.23057234030384025 -0.09001867990955241 -0.8918112322255034
 0.012185768677434979 0.72401725587152543 -0.6176177723154056 -1.3550860306608368
 0.75257681360428752 0.54024629742569463 0.53766408048496517 -0.20651249701182642
 0.2963690554304117 -2.263122559685665 -0.32148694663466842 0.41550064714091162
 0.89768733139097001 0.38286331625349557 1.0116613939097396 1.128844882591699
 -0.39174279607624068 -0.12739794144825653 0.19632709389280309 0.049651410645378605
 -1.1133578766995427 -0.076762641243589599 -0.50836894186896131 0.47390108538676529
 0.23499204238968491 0.31132020141910549 -0.83959390339018636 0.24445450688324821
 0.94100567969577342 -1.3616028593943177 -0.80927145885682827 0.89363768042608438
 -0.62662993967510661 1.7160921909267273 -0.015668523674062629 0.61342347204777625
 1.0013527186099909 -0.45346984392220357 0.069018828236922888 0.28724419417994351
 0.22801078579547457 -0.7999032493334689 -0.74490283217511433 -0.20033565651263741
 -1.3061173816844085 -0.93307736490291782 -1.6675196685873879 0.56654819214914443
 -1.5482745200073877 -0.9315550799285689 0.46078945243468067 0.10980154950322668
 0.34467089211571067 -0.85820049343746108 0.01078914656737953 1.7390508507133404
 -1.3229908472586132 -2.2533980388312616 -1.6698472477716613 -1.975334809889306
 1.4029198535601739 2.1009238839520288 0.56841620993792263 1.1422218150139363
 0.50169670909801856 0.053869283769958337 0.25452816592674959 -0.1804208953517055
 -0.33148710654083458 1.0029796749594566 0.12557149447870944 -0.5597646326080592
 -0.7714574860096679 1.1064629121260536 -1.1641024826990338 -0.69870288658884128
 -0.80215134287626388 0.34272069984664888 -2.1273570602957874 -1.5172098950518784
 -1.1310097159561494 1.8255764761252118 -0.21513507467538237 0.24231765958715076
 -0.7035691962926407 0.11785731174775552 -0.90475413001941107 -1.9273423216140562
 -0.25335933087011803 -1.3822202516368973 -0.040454875273616978 0.094608093856066236
 1.6969189845579074 -1.8868533451230523 -0.28937665489255093 0.56894102136364166
 -0.15346892555738142 1.7419295377554724 0.27384506105024492 -0.2975379932474353
 0.13560298626065317 -0.25763759096508598 -0.46706010753133609 -0.59363038420650605
 -0.14951084454943803 -1.244959519769699 -2.2102926926859774 -0.85001820431683206
 1.9715692768168307 -2.2125897121088394 0.98735958799180423 1.4009210119213078
 2.1189672465958496 0.10028818191726031 0.23063759798438077 0.24341316771241767
