# Created by Octave 6.4.0, Fri Mar 29 05:34:06 2024 EET <horia@horia-zenbook-ux3402za>
# name: points
# type: matrix
# rows: 300
# columns: 4
 0.3711022437389635 0.68868684617332143 0.86391889348162887 0.19338299927893654
 0.84190831757226803 -1.4631366036977977 -1.5056787323461478 -0.65306895761712935
 0.90790999701652964 0.54815888744532726 0.035174147919409773 -0.80602277096441444
 -0.62130122292856005 -0.19563849462132274 -1.5895122678381266 -0.92083201931827963
 -0.46226296455951449 -1.1878165288739551 -1.0771960744091009 -1.8808001331128006
 0.68601507708491172 0.042535104748752259 -0.23819681680667881 0.33170329014939964
 0.033941812736220156 1.5501079121558263 -2.2134335801065963 -2.2715058834832229
 0.28150303704349328 1.1913070637230465 -0.46606295907555945 -1.326894348579339
 1.1778582711580774 -1.1002007537272696 1.7486882359465099 1.1111370553131337
 0.52835216846822874 1.0852716738450474 -0.15697170804859967 1.5848395583627077
 -0.601712143357372 0.064963427963441289 0.12863802915991041 0.57805944724906444
 -0.24367022751320097 -0.073123494517896667 -0.30311083474160855 0.095147881323997027
 -0.47820897005426366 0.45134706814835285 0.4896348657225349 0.50449717645658243
 1.7895094424989118 0.37990556001032155 -1.205965682067045 -0.18916131940519665
 -0.61902442901043486 0.94715683028579423 -0.13066501802761418 1.3036452379815504
 1.1373774110412609 0.63969153292562686 0.77327762114083842 -1.3125073345603793
 1.4067097982662584 -0.56743880066920382 -0.18086469802644661 0.30771382931141322
 0.67027070745970341 -0.00069087786901076884 0.3317032645031911 0.9533892777450873
 2.340764468628949 -1.2161366628601145 0.40169922771093053 1.8403316405279815
 1.4844168126204709 0.60255593228314597 0.29009758612844527 0.10435019667001005
 2.4247208279781396 0.22409435993939686 1.1516493735836026 1.3677601835933277
 -0.52038058426189038 -1.4526346825945624 1.4613191046117628 0.19886761835069455
 0.84134226986435778 -0.0054213989328336775 -0.89610817818730637 -0.32268748730661656
 -0.57756738231443872 -0.36838199928900295 -1.9127102786843546 -1.3984792353382325
 -0.47625622262860201 2.0443561097789722 -1.1465183369652703 -0.83536867631708633
 0.31863018305088686 0.060456756337244705 -0.33793514028163141 -0.47389592965390098
 0.16039308068661001 0.20496506605396592 2.1720923274957822 1.645048974797938
 2.043937665580033 0.51566554436715706 -1.3053275037243097 -0.090928507990187465
 -0.18785610212078821 -1.0757799408468232 0.6183010479124309 1.1013968775887504
 -0.45634166224008693 1.1750805126776067 1.1013784481689264 1.3568092630969248
 1.256079097279835 -0.5746845098324137 1.7688225274875724 0.52845332034107173
 0.11724806802311216 0.91717406506029941 1.5982627048211184 2.2742378859012797
 0.23509834175787234 1.4486642472934568 0.45980638715704497 -0.036563692395303195
 -0.63899962824697876 0.68153408332794441 -1.0060847503363946 -2.0679013173973013
 2.744256789183396 -1.6588013162435715 -2.4696403925461672 -0.91560566434566115
 2.9445980851782987 -0.74660172353913745 0.36579200688085156 0.45491631841013125
 1.1082561290987114 0.19968523526214546 1.7127510926030916 0.079996540810697597
 -0.71181105448375692 2.7984093707907807 0.46112342866381129 -0.77760003552827595
 0.22175826144523583 1.0897441368145808 -0.13001895186675971 0.50575034310390521
 0.87491640004709581 1.1002765795955285 -1.1948471957217737 -0.31615821197586846
 -0.60012180883713895 1.1127875323553502 -1.0480392260940332 -1.3832440505229098
 1.0554231207839835 -1.7599081974492203 -0.34431517235830089 1.2661826737044706
 0.42485205539045479 -1.5878483537658719 -0.66168106765239809 0.4997994048366316
 -1.2063372835472088 0.61838639839075726 0.61298528904585881 1.2982187751114853
 -0.22973143544028454 -1.7273284727057825 0.29748569407044956 0.46534066282322323
 -2.2202308742974566 -0.70273860749456241 -0.071604360541770634 -0.77625072941842621
 0.75972231788555966 -0.88178409991469209 -0.30679565452282714 0.70670069902614185
 0.16094394979177759 -0.55877981535791421 1.7568477068669117 -0.013060855017197101
 -0.17017463464206267 -0.040477118161830902 0.36915802624807642 0.28061889838989923
 -1.0885114520231052 -0.34360674037521965 -0.15315017649901314 -0.1285884874908739
 0.63368667382587351 0.8991317934080818 0.40844029906843898 1.0064716161766603
 1.5582140555709103 1.2366627613981787 0.75829971067122104 0.78649820333875875
 2.0964597136808574 -1.3728110796125277 -1.1303595564727236 0.41720545082964444
 -1.648992999034868 -0.051391281006958937 -0.76825505338005429 0.52022409614847931
 2.3213769604742942 -1.4508306780184974 1.1213612269289908 1.3777732297336496
 0.90635934708701871 1.0175174130818627 -0.97928525418916001 -1.0396838305632343
 0.36004201013967568 0.79538265305653899 0.69477267267876097 -1.356108244658129
 -0.09232847451432416 -0.32902996634356296 0.5644285801141149 -1.3666393767257818
 0.57096767005529192 -0.1824395142677401 0.4960735881536823 -0.4122112892521631
 0.86899032852696712 0.056505040374595014 -1.1294799215622138 -0.74473275251110604
 -1.0196875179795126 0.41907380417305001 -0.74444161130181452 -1.03684383561725
 0.65202451249982141 0.66550278134285912 0.13167090164877202 0.48769803551763474
 -1.5447688160571442 -1.5316037105478904 -1.3289690893776909 -1.1836785319934113
 -1.0761506541335752 0.31822901031287776 -0.40152150390471203 -1.721624553350096
 -0.11105239980027572 -1.373156003467684 0.98476065807604585 1.2582022120591296
 1.1390728037838196 -0.45633938803734997 0.26783234607749673 1.9985215138589236
 -0.092868596184687235 -0.30088416752677288 -0.81188774159275146 -1.3057488295183475
 -1.3261612284258244 -0.10157368127216404 0.56319855666256191 0.22987452133988653
 0.082806518102637991 -0.61769183351434243 -0.32710306389828026 0.067715057325939451
 2.2680516967571811 -0.84967503024146196 -1.8029631226294514 -0.27319956305908333
 1.3492433324107438 0.34916033212014941 0.038662979542850494 1.9312069933105946
 1.7295520578647561 -1.6517142248893297 -0.58521356763723376 1.2273229687471885
 -1.0860199119925769 -0.18666920424973732 -0.014037074073791121 0.31157406933908377
 2.3183558470614174 -0.12799665250057068 1.3074069566912399 0.13138972567261806
 -0.97363459746700831 -0.23785826262394272 0.24640638651584487 -1.0154066382091338
 0.058238472977805635 -0.49968931569690728 0.93829499333359212 1.2122543508025654
 -0.23952903995527261 0.4988541439071999 -0.59335186277512486 -1.300070315544779
 2.3018869223930203 -1.0584194085886187 0.40066939426537046 1.1960751985433791
 2.5834193602181896 0.35180851909926691 0.90229453195808373 1.6130223304219748
 -0.22833118502030794 0.64642701960549731 0.31248024525922086 -0.036233058505813334
 -1.5617372488651622 -0.00027545891328741772 -1.2870981921531157 -1.5139925873062603
 -0.80109315977807494 -0.29040776558562009 0.25528743013027261 0.6624018924382713
 0.99305684605336775 -0.37580460050656067 -0.1341326465732865 0.43410691108558874
 -0.054268311491838327 1.7722651202196504 0.48104554837070229 0.35170227888126288
 -0.60315980956247572 1.2654021519831407 1.1969697304907634 -1.0315664366355406
 1.1634761123284203 -0.072198348569621526 0.43077145215722185 0.38513377328582865
 0.13863713680054532 0.16721338993070173 -0.34834290037383314 0.73295371473124482
 1.0944371889972102 0.0036768928952650719 0.414727750045916 2.2342635822709731
 -0.42919415872210781 -0.21547037925449383 -0.37210544895606334 0.0043074877933389245
 0.98274306240149611 0.48285491071883774 -0.20982532283414526 0.90224534797507649
 -1.2108700508787007 -0.30146309432005286 -0.98816508562334637 -0.77365953206614846
 -0.88517867221586799 -1.1864019327965609 0.93921260539835905 2.1789645950623218
 0.054244481967199408 1.961482082097318 -1.3766952354077675 0.48641069537193665
 -0.37544571023009976 0.78920301946946592 -0.32223546493305222 0.29661945913945731
 -0.50852906455566405 0.8711331600985871 0.30592482504907004 0.15979647676439587
 1.1792451230151091 -0.11397942676759068 -1.2261029750535652 -1.422133836657852
