# Created by Octave 6.4.0, Sun Mar 31 15:45:34 2024 EEST <horia@horia-zenbook-ux3402za>
# name: x
# type: matrix
# rows: 1
# columns: 8
 184 28 -392 48 39 -10 99 -101


# name: y
# type: matrix
# rows: 1
# columns: 8
 0.68490469398544518 0.11288703822889057 0.055627000361149426 0.067251448686868054 0.1771795192955592 0.34988542875028095 0.073068235558361616 0.19055067374505441


