1.375085e+01 -1.413547e+00 4.011749e+00 -7.700434e-01 -2.116406e+00 1.490287e+00 -1.998257e-02 2.027476e+00 1.391079e+01 9.452221e+00 1.139079e+00 2.334616e-01 4.524368e+00 6.082694e-01 3.809514e+00 1.180350e+01 1.107111e+00 5.081326e+00 5.214166e+00 1.118897e+01 3.638260e+01 1.358021e+00 1.051028e-01 -2.690868e+00 1.256693e+00 4.678094e-01 3.914175e+01 9.080539e-01 8.215093e-01 2.324181e+01 
-1.413547e+00 2.801301e+02 2.959767e+00 5.306534e+01 1.405235e+02 4.552423e+00 4.575695e+01 1.198614e+00 1.431012e-02 -8.351974e-01 -5.163100e-03 2.177241e+00 -1.441728e+00 5.886757e+01 -3.808200e+00 3.647007e-01 2.938711e+01 8.708548e-02 2.550018e+01 6.431370e-01 6.417594e-04 4.555241e-02 3.516677e+01 1.137996e+02 -1.740762e-03 7.977334e+00 -4.323096e+01 6.357401e+01 4.487593e-01 -4.854377e+01 
4.011749e+00 2.959767e+00 2.138515e+01 1.045602e+00 2.786987e+00 2.573703e+00 4.797267e+01 2.597954e+01 2.526893e-01 4.961524e-01 2.173041e-05 2.763181e-01 7.613094e-02 2.549036e+01 -9.466714e-04 4.172412e+01 5.015430e+00 6.171225e-01 9.683819e-01 1.765945e+01 1.157892e+01 -5.384936e-02 7.874243e+00 2.371884e+00 1.250708e+01 4.848363e+00 5.991768e-07 3.172720e+01 -2.456172e-01 5.353365e-03 
-7.700434e-01 5.306534e+01 1.045602e+00 1.105070e+02 1.222976e+02 2.604644e-01 2.483371e+02 1.667315e+01 -3.657107e+01 -4.226337e-01 2.434005e-01 3.795551e+00 -3.939709e-05 6.912579e+00 8.812748e-03 3.219648e-03 1.402477e-02 -5.543237e-01 -1.657238e+01 -2.131568e-01 -4.824292e+01 -7.251285e-01 1.064582e+01 1.909989e+02 4.242029e+01 5.486583e+00 -6.928133e+01 5.714016e+00 -3.005199e-01 -7.374035e+00 
-2.116406e+00 1.405235e+02 2.786987e+00 1.222976e+02 3.926020e+02 1.862518e-02 1.950733e+02 1.475086e+01 -1.081073e+01 -3.742791e+01 -1.524941e-05 2.444296e+00 -4.955715e-01 2.607297e+00 -9.938940e+00 2.460313e+00 2.619252e-01 -3.108715e+00 -1.622322e+01 -7.552383e-01 -7.409209e+01 1.054539e+00 1.049933e+01 2.615524e+02 4.080829e+00 8.442602e+00 -1.072655e+02 1.060457e+00 -5.184118e-02 -6.038013e+01 
1.490287e+00 4.552423e+00 2.573703e+00 2.604644e-01 1.862518e-02 4.404417e+00 6.427032e-01 7.652253e-01 5.028927e+00 7.665257e+00 4.237047e-01 8.134443e-01 4.082765e-01 1.503816e+01 1.256826e+00 1.676305e+00 9.077523e+00 4.887192e+00 2.890143e+01 8.114240e+00 2.320517e+01 2.675950e-02 4.770109e+00 1.949427e-01 4.324936e-01 1.498996e+00 1.509134e+00 1.978969e+01 1.136027e+00 7.905247e-01 
-1.998257e-02 4.575695e+01 4.797267e+01 2.483371e+02 1.950733e+02 6.427032e-01 2.440208e+03 3.287743e+02 -3.518974e+02 -1.684751e-01 -1.386058e-01 2.369482e+00 -1.630731e-01 1.070798e+02 -1.136558e-02 3.593586e+01 -2.221777e-03 -6.625110e+00 -2.027950e+02 1.350210e+00 -7.548879e+01 -1.217043e+02 5.217172e+01 4.781522e+02 6.334181e+02 2.512759e+01 -3.765795e+02 1.223573e+02 -9.384584e+01 -1.998670e+01 
2.027476e+00 1.198614e+00 2.597954e+01 1.667315e+01 1.475086e+01 7.652253e-01 3.287743e+02 8.969398e+01 -1.167339e+01 6.986763e-02 5.320388e-04 6.345287e-01 1.291403e-01 2.123988e+01 2.319692e-02 4.154421e+01 6.209435e-02 -1.245188e-02 -1.415497e+01 6.455964e+00 -6.500501e-02 -6.048123e+00 8.949641e+00 3.112611e+01 1.208604e+02 7.392389e+00 -6.922120e+00 2.486405e+01 -9.051851e+00 -7.533372e-05 
1.391079e+01 1.431012e-02 2.526893e-01 -3.657107e+01 -1.081073e+01 5.028927e+00 -3.518974e+02 -1.167339e+01 4.912303e+02 7.020389e+00 1.284531e+00 5.029143e-02 2.498567e+00 5.097153e-02 9.042843e-02 3.579655e+00 3.616085e+01 4.034075e+01 4.823313e+02 1.987471e+01 3.644646e+02 1.079601e+02 3.637302e-04 -7.270147e+01 -1.067174e+02 6.998570e-03 2.861397e+02 9.512380e-02 7.770824e+01 1.764175e+01 
9.452221e+00 -8.351974e-01 4.961524e-01 -4.226337e-01 -3.742791e+01 7.665257e+00 -1.684751e-01 6.986763e-02 7.020389e+00 1.245002e+02 4.480097e+00 9.710972e-01 7.527919e+00 1.134973e+01 5.432965e+01 8.220952e-04 4.439088e+00 2.224234e+01 5.360328e+01 1.673936e+01 9.180794e+01 -4.488568e-01 1.217834e+00 -4.260016e+00 6.059390e+00 1.539546e-01 4.562821e+01 1.969062e+01 2.637876e+00 6.455901e+01 
1.139079e+00 -5.163100e-03 2.173041e-05 2.434005e-01 -1.524941e-05 4.237047e-01 -1.386058e-01 5.320388e-04 1.284531e+00 4.480097e+00 5.061676e+00 1.552348e+00 4.671535e+00 -3.172530e-02 1.022935e+01 -2.755773e-02 1.997170e-02 1.686988e+00 2.477016e-01 1.445380e-02 1.208224e-01 3.523533e+00 7.033281e-03 1.949694e-02 4.911670e-01 1.211349e-01 9.898968e+00 -7.242805e-02 5.445820e+00 1.180437e+01 
2.334616e-01 2.177241e+00 2.763181e-01 3.795551e+00 2.444296e+00 8.134443e-01 2.369482e+00 6.345287e-01 5.029143e-02 9.710972e-01 1.552348e+00 1.583821e+00 9.501793e-01 6.901340e-01 1.930820e+00 3.179698e-02 4.797180e-01 5.653951e-01 1.870490e-01 1.375701e-01 5.253799e-03 5.294813e-01 1.112912e+00 4.207389e+00 1.881812e+00 9.276584e-01 8.756827e-02 6.168454e-01 1.130785e+00 5.524351e-01 
4.524368e+00 -1.441728e+00 7.613094e-02 -3.939709e-05 -4.955715e-01 4.082765e-01 -1.630731e-01 1.291403e-01 2.498567e+00 7.527919e+00 4.671535e+00 9.501793e-01 7.151772e+00 -5.073699e-02 1.244244e+01 9.815480e-02 2.620653e-03 2.313346e+00 9.535241e-02 4.334315e-01 1.708804e+00 2.797554e+00 -2.554540e-07 -1.506781e-01 1.591972e+00 1.040692e-01 2.462347e+01 -7.933640e-02 3.129291e+00 2.626099e+01 
6.082694e-01 5.886757e+01 2.549036e+01 6.912579e+00 2.607297e+00 1.503816e+01 1.070798e+02 2.123988e+01 5.097153e-02 1.134973e+01 -3.172530e-02 6.901340e-01 -5.073699e-02 1.988502e+02 4.335400e-03 1.745661e+01 4.148125e+01 4.242293e+00 5.905692e+01 4.345477e+01 5.386534e+01 -1.189934e+01 4.843737e+01 1.378410e+01 1.497932e+01 9.133792e+00 -3.838596e+00 2.677039e+02 -3.413219e-01 -8.712261e-01 
3.809514e+00 -3.808200e+00 -9.466714e-04 8.812748e-03 -9.938940e+00 1.256826e+00 -1.136558e-02 2.319692e-02 9.042843e-02 5.432965e+01 1.022935e+01 1.930820e+00 1.244244e+01 4.335400e-03 6.384947e+01 -7.542183e-01 4.525770e-06 5.677582e+00 4.148088e-01 4.217986e-01 2.427092e+00 3.089788e-06 4.954180e-03 -1.799637e-01 1.203931e+01 2.348858e-02 2.581861e+01 2.084022e-02 3.063761e+00 6.498219e+01 
1.180350e+01 3.647007e-01 4.172412e+01 3.219648e-03 2.460313e+00 1.676305e+00 3.593586e+01 4.154421e+01 3.579655e+00 8.220952e-04 -2.755773e-02 3.179698e-02 9.815480e-02 1.745661e+01 -7.542183e-01 1.267683e+02 4.854614e+00 4.513538e-01 4.737431e-01 3.158919e+01 2.690624e+01 4.210167e-02 4.775964e+00 9.982971e-02 7.714561e+00 5.468061e+00 5.801635e-01 2.112894e+01 -6.569232e-01 2.795760e-02 
1.107111e+00 2.938711e+01 5.015430e+00 1.402477e-02 2.619252e-01 9.077523e+00 -2.221777e-03 6.209435e-02 3.616085e+01 4.439088e+00 1.997170e-02 4.797180e-01 2.620653e-03 4.148125e+01 4.525770e-06 4.854614e+00 4.029078e+01 1.031249e+01 1.642516e+02 2.025425e+01 9.090070e+01 7.029513e-01 1.138121e+01 3.042244e-02 -6.807546e-01 2.348452e+00 1.827800e+00 5.447124e+01 3.894098e+00 -7.392064e-04 
5.081326e+00 8.708548e-02 6.171225e-01 -5.543237e-01 -3.108715e+00 4.887192e+00 -6.625110e+00 -1.245188e-02 4.034075e+01 2.224234e+01 1.686988e+00 5.653951e-01 2.313346e+00 4.242293e+00 5.677582e+00 4.513538e-01 1.031249e+01 1.503706e+01 8.857241e+01 1.050716e+01 8.012310e+01 2.334272e+00 8.820900e-01 -2.485718e+00 -1.230367e-01 2.741502e-01 3.917331e+01 6.331252e+00 9.663342e+00 1.301459e+01 
5.214166e+00 2.550018e+01 9.683819e-01 -1.657238e+01 -1.622322e+01 2.890143e+01 -2.027950e+02 -1.415497e+01 4.823313e+02 5.360328e+01 2.477016e-01 1.870490e-01 9.535241e-02 5.905692e+01 4.148088e-01 4.737431e-01 1.642516e+02 8.857241e+01 1.523396e+03 6.645231e+01 8.260647e+02 1.565327e+01 8.268869e+00 -3.419983e+01 -9.726816e+01 2.933381e-01 1.269708e+02 8.904929e+01 7.115738e+01 2.999410e+00 
1.118897e+01 6.431370e-01 1.765945e+01 -2.131568e-01 -7.552383e-01 8.114240e+00 1.350210e+00 6.455964e+00 1.987471e+01 1.673936e+01 1.445380e-02 1.375701e-01 4.334315e-01 4.345477e+01 4.217986e-01 3.158919e+01 2.025425e+01 1.050716e+01 6.645231e+01 4.909273e+01 1.415138e+02 -8.375112e-03 7.437766e+00 -4.747815e-01 1.349610e+00 2.526143e+00 1.012498e+01 6.193988e+01 4.952154e-02 3.319558e+00 
3.638260e+01 6.417594e-04 1.157892e+01 -4.824292e+01 -7.409209e+01 2.320517e+01 -7.548879e+01 -6.500501e-02 3.644646e+02 9.180794e+01 1.208224e-01 5.253799e-03 1.708804e+00 5.386534e+01 2.427092e+00 2.690624e+01 9.090070e+01 8.012310e+01 8.260647e+02 1.415138e+02 1.038449e+03 2.558006e+00 3.836298e+00 -9.724384e+01 -1.007253e+01 4.198170e-01 2.367586e+02 8.775852e+01 1.603996e+01 3.532046e+01 
1.358021e+00 4.555241e-02 -5.384936e-02 -7.251285e-01 1.054539e+00 2.675950e-02 -1.217043e+02 -6.048123e+00 1.079601e+02 -4.488568e-01 3.523533e+00 5.294813e-01 2.797554e+00 -1.189934e+01 3.089788e-06 4.210167e-02 7.029513e-01 2.334272e+00 1.565327e+01 -8.375112e-03 2.558006e+00 1.715039e+02 -5.189721e-01 -1.895175e+00 -4.524836e+01 3.966509e-03 6.993769e+01 -2.053215e+01 5.414053e+01 2.802025e+00 
1.051028e-01 3.516677e+01 7.874243e+00 1.064582e+01 1.049933e+01 4.770109e+00 5.217172e+01 8.949641e+00 3.637302e-04 1.217834e+00 7.033281e-03 1.112912e+00 -2.554540e-07 4.843737e+01 4.954180e-03 4.775964e+00 1.138121e+01 8.820900e-01 8.268869e+00 7.437766e+00 3.836298e+00 -5.189721e-01 1.788244e+01 1.927756e+01 6.699852e+00 5.119539e+00 -2.424640e+00 6.004802e+01 -2.347785e-04 -5.415222e-01 
-2.690868e+00 1.137996e+02 2.371884e+00 1.909989e+02 2.615524e+02 1.949427e-01 4.781522e+02 3.112611e+01 -7.270147e+01 -4.260016e+00 1.949694e-02 4.207389e+00 -1.506781e-01 1.378410e+01 -1.799637e-01 9.982971e-02 3.042244e-02 -2.485718e+00 -3.419983e+01 -4.747815e-01 -9.724384e+01 -1.895175e+00 1.927756e+01 3.554206e+02 5.855432e+01 9.298147e+00 -1.778166e+02 1.144236e+01 -1.807439e+00 -3.195756e+01 
1.256693e+00 -1.740762e-03 1.250708e+01 4.242029e+01 4.080829e+00 4.324936e-01 6.334181e+02 1.208604e+02 -1.067174e+02 6.059390e+00 4.911670e-01 1.881812e+00 1.591972e+00 1.497932e+01 1.203931e+01 7.714561e+00 -6.807546e-01 -1.230367e-01 -9.726816e+01 1.349610e+00 -1.007253e+01 -4.524836e+01 6.699852e+00 5.855432e+01 4.082802e+02 5.407035e+00 -1.603986e+01 1.867938e+01 -2.054326e+01 1.831216e+00 
4.678094e-01 7.977334e+00 4.848363e+00 5.486583e+00 8.442602e+00 1.498996e+00 2.512759e+01 7.392389e+00 6.998570e-03 1.539546e-01 1.211349e-01 9.276584e-01 1.040692e-01 9.133792e+00 2.348858e-02 5.468061e+00 2.348452e+00 2.741502e-01 2.933381e-01 2.526143e+00 4.198170e-01 3.966509e-03 5.119539e+00 9.298147e+00 5.407035e+00 3.010672e+00 -9.119229e-02 1.017095e+01 2.999195e-03 -7.179641e-04 
3.914175e+01 -4.323096e+01 5.991768e-07 -6.928133e+01 -1.072655e+02 1.509134e+00 -3.765795e+02 -6.922120e+00 2.861397e+02 4.562821e+01 9.898968e+00 8.756827e-02 2.462347e+01 -3.838596e+00 2.581861e+01 5.801635e-01 1.827800e+00 3.917331e+01 1.269708e+02 1.012498e+01 2.367586e+02 6.993769e+01 -2.424640e+00 -1.778166e+02 -1.603986e+01 -9.119229e-02 6.123727e+02 -3.733591e+00 5.951225e+01 1.943027e+02 
9.080539e-01 6.357401e+01 3.172720e+01 5.714016e+00 1.060457e+00 1.978969e+01 1.223573e+02 2.486405e+01 9.512380e-02 1.969062e+01 -7.242805e-02 6.168454e-01 -7.933640e-02 2.677039e+02 2.084022e-02 2.112894e+01 5.447124e+01 6.331252e+00 8.904929e+01 6.193988e+01 8.775852e+01 -2.053215e+01 6.004802e+01 1.144236e+01 1.867938e+01 1.017095e+01 -3.733591e+00 3.664069e+02 -6.053724e-01 -6.997957e-01 
8.215093e-01 4.487593e-01 -2.456172e-01 -3.005199e-01 -5.184118e-02 1.136027e+00 -9.384584e+01 -9.051851e+00 7.770824e+01 2.637876e+00 5.445820e+00 1.130785e+00 3.129291e+00 -3.413219e-01 3.063761e+00 -6.569232e-01 3.894098e+00 9.663342e+00 7.115738e+01 4.952154e-02 1.603996e+01 5.414053e+01 -2.347785e-04 -1.807439e+00 -2.054326e+01 2.999195e-03 5.951225e+01 -6.053724e-01 5.435224e+01 7.963665e+00 
2.324181e+01 -4.854377e+01 5.353365e-03 -7.374035e+00 -6.038013e+01 7.905247e-01 -1.998670e+01 -7.533372e-05 1.764175e+01 6.455901e+01 1.180437e+01 5.524351e-01 2.626099e+01 -8.712261e-01 6.498219e+01 2.795760e-02 -7.392064e-04 1.301459e+01 2.999410e+00 3.319558e+00 3.532046e+01 2.802025e+00 -5.415222e-01 -3.195756e+01 1.831216e+00 -7.179641e-04 1.943027e+02 -6.997957e-01 7.963665e+00 1.796952e+02 
